  8,33  23        1     0.000000000 17091  D   R 294912 + 32 [CReadTestSeq]
  8,33  23        2     0.000212290     0  C   R 294912 + 32 [0]
  8,33  23        3     0.000252651 17091  D   R 294944 + 64 [CReadTestSeq]
  8,33  23        4     0.000297220 17091  D   R 295008 + 128 [CReadTestSeq]
  8,33  23        5     0.000532275     0  C   R 294944 + 64 [0]
  8,33  23        6     0.000625270 17091  C   R 295008 + 128 [0]
  8,33  23        7     0.000845618 17091  D   R 295136 + 256 [CReadTestSeq]
  8,33  23        8     0.001037245 17091  D   R 295392 + 256 [CReadTestSeq]
  8,33  23        9     0.001290692     0  C   R 295136 + 256 [0]
  8,33  23       10     0.001675948 17091  D   R 295648 + 256 [CReadTestSeq]
  8,33  23       11     0.001709087     0  C   R 295392 + 256 [0]
  8,33  23       12     0.002073886 17091  D   R 295904 + 256 [CReadTestSeq]
  8,33  23       13     0.002209559     0  C   R 295648 + 256 [0]
  8,33  23       14     0.002594599 17091  D   R 296160 + 256 [CReadTestSeq]
  8,33  23       15     0.002635285     0  C   R 295904 + 256 [0]
  8,33  23       16     0.003002118 17091  D   R 296416 + 256 [CReadTestSeq]
  8,33  23       17     0.003029020     0  C   R 296160 + 256 [0]
  8,33  23       18     0.003408759 17091  D   R 296672 + 256 [CReadTestSeq]
  8,33  23       19     0.003430614     0  C   R 296416 + 256 [0]
  8,33  23       20     0.003795716 17091  D   R 296928 + 256 [CReadTestSeq]
  8,33  23       21     0.003856300     0  C   R 296672 + 256 [0]
  8,33  23       22     0.004155277 17091  C   R 296928 + 256 [0]
  8,33  23       23     0.004227999 17091  D   R 297184 + 256 [CReadTestSeq]
  8,33  23       24     0.004507744 17091  C   R 297184 + 256 [0]
  8,33  23       25     0.004592579 17091  D   R 297440 + 256 [CReadTestSeq]
  8,33  23       26     0.004873101 17091  C   R 297440 + 256 [0]
  8,33  23       27     0.004956408 17091  D   R 297696 + 256 [CReadTestSeq]
  8,33  23       28     0.005234965 17091  C   R 297696 + 256 [0]
  8,33  23       29     0.005318467 17091  D   R 297952 + 256 [CReadTestSeq]
  8,33  23       30     0.005598178 17091  C   R 297952 + 256 [0]
  8,33  23       31     0.005682010 17091  D   R 298208 + 256 [CReadTestSeq]
  8,33  23       32     0.005962156 17091  C   R 298208 + 256 [0]
  8,33  23       33     0.006045956 17091  D   R 298464 + 256 [CReadTestSeq]
  8,33  23       34     0.006402010 17091  D   R 298720 + 256 [CReadTestSeq]
  8,33  23       35     0.006466637     0  C   R 298464 + 256 [0]
  8,33  23       36     0.006749278 17091  C   R 298720 + 256 [0]
  8,33  23       37     0.006836486 17091  D   R 298976 + 256 [CReadTestSeq]
  8,33  23       38     0.007116008 17091  C   R 298976 + 256 [0]
  8,33  23       39     0.007201039 17091  D   R 299232 + 256 [CReadTestSeq]
  8,33  23       40     0.007480472 17091  C   R 299232 + 256 [0]
  8,33  23       41     0.007645092 17091  D   R 299488 + 256 [CReadTestSeq]
  8,33  23       42     0.007927863 17091  C   R 299488 + 256 [0]
  8,33  23       43     0.008023344 17091  D   R 299744 + 256 [CReadTestSeq]
  8,33  23       44     0.008304305 17091  C   R 299744 + 256 [0]
  8,33  23       45     0.008392186 17091  D   R 300000 + 256 [CReadTestSeq]
  8,33  23       46     0.008673734 17091  C   R 300000 + 256 [0]
  8,33  23       47     0.008757328 17091  D   R 300256 + 256 [CReadTestSeq]
  8,33  23       48     0.009036523 17091  C   R 300256 + 256 [0]
  8,33  23       49     0.009119973 17091  D   R 300512 + 256 [CReadTestSeq]
  8,33  23       50     0.009398831 17091  C   R 300512 + 256 [0]
  8,33  23       51     0.009482324 17091  D   R 300768 + 256 [CReadTestSeq]
  8,33  23       52     0.009762682 17091  C   R 300768 + 256 [0]
  8,33  23       53     0.009844525 17091  D   R 301024 + 256 [CReadTestSeq]
  8,33  23       54     0.010125074 17091  C   R 301024 + 256 [0]
  8,33  23       55     0.010215996 17091  D   R 301280 + 256 [CReadTestSeq]
  8,33  23       56     0.010496981 17091  C   R 301280 + 256 [0]
  8,33  23       57     0.010830626 17091  D   R 301536 + 256 [CReadTestSeq]
  8,33  23       58     0.011113990 17091  C   R 301536 + 256 [0]
  8,33  23       59     0.011214353 17091  D   R 301792 + 256 [CReadTestSeq]
  8,33  23       60     0.011494538 17091  C   R 301792 + 256 [0]
  8,33  23       61     0.011585236 17091  D   R 302048 + 256 [CReadTestSeq]
  8,33  23       62     0.011867394 17091  C   R 302048 + 256 [0]
  8,33  23       63     0.011948941 17091  D   R 302304 + 256 [CReadTestSeq]
  8,33  23       64     0.012228136 17091  C   R 302304 + 256 [0]
  8,33  23       65     0.012312076 17091  D   R 302560 + 256 [CReadTestSeq]
  8,33  23       66     0.012590494 17091  C   R 302560 + 256 [0]
  8,33  23       67     0.012674006 17091  D   R 302816 + 256 [CReadTestSeq]
  8,33  23       68     0.012957231 17091  C   R 302816 + 256 [0]
  8,33  23       69     0.013035466 17091  D   R 303072 + 256 [CReadTestSeq]
  8,33  23       70     0.013313984 17091  C   R 303072 + 256 [0]
  8,33  23       71     0.013414346 17091  D   R 303328 + 256 [CReadTestSeq]
  8,33  23       72     0.013694862 17091  C   R 303328 + 256 [0]
  8,33  23       73     0.013775768 17091  D   R 303584 + 256 [CReadTestSeq]
  8,33  23       74     0.014055095 17091  C   R 303584 + 256 [0]
  8,33  23       75     0.014136085 17091  D   R 303840 + 256 [CReadTestSeq]
  8,33  23       76     0.014414449 17091  C   R 303840 + 256 [0]
  8,33  23       77     0.014496834 17091  D   R 304096 + 256 [CReadTestSeq]
  8,33  23       78     0.014776985 17091  C   R 304096 + 256 [0]
  8,33  23       79     0.014857059 17091  D   R 304352 + 256 [CReadTestSeq]
  8,33  23       80     0.015137000 17091  C   R 304352 + 256 [0]
  8,33  23       81     0.015219453 17091  D   R 304608 + 256 [CReadTestSeq]
  8,33  23       82     0.015499177 17091  C   R 304608 + 256 [0]
  8,33  23       83     0.015670034 17091  D   R 304864 + 256 [CReadTestSeq]
  8,33  23       84     0.015952029 17091  C   R 304864 + 256 [0]
  8,33  23       85     0.016031623 17091  D   R 305120 + 256 [CReadTestSeq]
  8,33  23       86     0.016313251 17091  C   R 305120 + 256 [0]
  8,33  23       87     0.016391757 17091  D   R 305376 + 256 [CReadTestSeq]
  8,33  23       88     0.016673955 17091  C   R 305376 + 256 [0]
  8,33  23       89     0.016753056 17091  D   R 305632 + 256 [CReadTestSeq]
  8,33  23       90     0.017032807 17091  C   R 305632 + 256 [0]
  8,33  23       91     0.017113885 17091  D   R 305888 + 256 [CReadTestSeq]
  8,33  23       92     0.017392461 17091  C   R 305888 + 256 [0]
  8,33  23       93     0.017474009 17091  D   R 306144 + 256 [CReadTestSeq]
  8,33  23       94     0.017755447 17091  C   R 306144 + 256 [0]
  8,33  23       95     0.017833681 17091  D   R 306400 + 256 [CReadTestSeq]
  8,33  23       96     0.018114491 17091  C   R 306400 + 256 [0]
  8,33  23       97     0.018193156 17091  D   R 306656 + 256 [CReadTestSeq]
  8,33  23       98     0.018472105 17091  C   R 306656 + 256 [0]
  8,33  23       99     0.018553345 17091  D   R 306912 + 256 [CReadTestSeq]
  8,33  23      100     0.018835464 17091  C   R 306912 + 256 [0]
  8,33  23      101     0.018913164 17091  D   R 307168 + 256 [CReadTestSeq]
  8,33  23      102     0.019194024 17091  C   R 307168 + 256 [0]
  8,33  23      103     0.019273490 17091  D   R 307424 + 256 [CReadTestSeq]
  8,33  23      104     0.019551744 17091  C   R 307424 + 256 [0]
  8,33  23      105     0.019643188 17091  D   R 307680 + 256 [CReadTestSeq]
  8,33  23      106     0.019925273 17091  C   R 307680 + 256 [0]
  8,33  23      107     0.020004174 17091  D   R 307936 + 256 [CReadTestSeq]
  8,33  23      108     0.020284362 17091  C   R 307936 + 256 [0]
  8,33  23      109     0.020363979 17091  D   R 308192 + 256 [CReadTestSeq]
  8,33  23      110     0.020645146 17091  C   R 308192 + 256 [0]
  8,33  23      111     0.020724505 17091  D   R 308448 + 256 [CReadTestSeq]
  8,33  23      112     0.021005172 17091  C   R 308448 + 256 [0]
  8,33  23      113     0.021085045 17091  D   R 308704 + 256 [CReadTestSeq]
  8,33  23      114     0.021363730 17091  C   R 308704 + 256 [0]
  8,33  23      115     0.021446611 17091  D   R 308960 + 256 [CReadTestSeq]
  8,33  23      116     0.021729046 17091  C   R 308960 + 256 [0]
  8,33  23      117     0.021807804 17091  D   R 309216 + 256 [CReadTestSeq]
  8,33  23      118     0.022088338 17091  C   R 309216 + 256 [0]
  8,33  23      119     0.022168614 17091  D   R 309472 + 256 [CReadTestSeq]
  8,33  23      120     0.022447401 17091  C   R 309472 + 256 [0]
  8,33  23      121     0.022528981 17091  D   R 309728 + 256 [CReadTestSeq]
  8,33  23      122     0.022810682 17091  C   R 309728 + 256 [0]
  8,33  23      123     0.022889114 17091  D   R 309984 + 256 [CReadTestSeq]
  8,33  23      124     0.023169357 17091  C   R 309984 + 256 [0]
  8,33  23      125     0.023248709 17091  D   R 310240 + 256 [CReadTestSeq]
  8,33  23      126     0.023528101 17091  C   R 310240 + 256 [0]
  8,33  23      127     0.023629338 17091  D   R 310496 + 256 [CReadTestSeq]
  8,33  23      128     0.023912056 17091  C   R 310496 + 256 [0]
  8,33  23      129     0.023989845 17091  D   R 310752 + 256 [CReadTestSeq]
  8,33  23      130     0.024270198 17091  C   R 310752 + 256 [0]
  8,33  23      131     0.024348356 17091  D   R 311008 + 256 [CReadTestSeq]
  8,33  23      132     0.024629214 17091  C   R 311008 + 256 [0]
  8,33  23      133     0.024706711 17091  D   R 311264 + 256 [CReadTestSeq]
  8,33  23      134     0.024986092 17091  C   R 311264 + 256 [0]
  8,33  23      135     0.025065642 17091  D   R 311520 + 256 [CReadTestSeq]
  8,33  23      136     0.025343285 17091  C   R 311520 + 256 [0]
  8,33  23      137     0.025423776 17091  D   R 311776 + 256 [CReadTestSeq]
  8,33  23      138     0.025703856 17091  C   R 311776 + 256 [0]
  8,33  23      139     0.025782449 17091  D   R 312032 + 256 [CReadTestSeq]
  8,33  23      140     0.026061146 17091  C   R 312032 + 256 [0]
  8,33  23      141     0.026140761 17091  D   R 312288 + 256 [CReadTestSeq]
  8,33  23      142     0.026418781 17091  C   R 312288 + 256 [0]
  8,33  23      143     0.026499119 17091  D   R 312544 + 256 [CReadTestSeq]
  8,33  23      144     0.026779623 17091  C   R 312544 + 256 [0]
  8,33  23      145     0.026856530 17091  D   R 312800 + 256 [CReadTestSeq]
  8,33  23      146     0.027137262 17091  C   R 312800 + 256 [0]
  8,33  23      147     0.027215329 17091  D   R 313056 + 256 [CReadTestSeq]
  8,33  23      148     0.027493874 17091  C   R 313056 + 256 [0]
  8,33  23      149     0.027578249 17091  D   R 313312 + 256 [CReadTestSeq]
  8,33  23      150     0.027860044 17091  C   R 313312 + 256 [0]
  8,33  23      151     0.027936052 17091  D   R 313568 + 256 [CReadTestSeq]
  8,33  23      152     0.028214396 17091  C   R 313568 + 256 [0]
  8,33  23      153     0.028295165 17091  D   R 313824 + 256 [CReadTestSeq]
  8,33  23      154     0.028574551 17091  C   R 313824 + 256 [0]
  8,33  23      155     0.028653409 17091  D   R 314080 + 256 [CReadTestSeq]
  8,33  23      156     0.028935391 17091  C   R 314080 + 256 [0]
  8,33  23      157     0.029011991 17091  D   R 314336 + 256 [CReadTestSeq]
  8,33  23      158     0.029291412 17091  C   R 314336 + 256 [0]
  8,33  23      159     0.029368883 17091  D   R 314592 + 256 [CReadTestSeq]
  8,33  23      160     0.029650585 17091  C   R 314592 + 256 [0]
  8,33  23      161     0.029728132 17091  D   R 314848 + 256 [CReadTestSeq]
  8,33  23      162     0.030008027 17091  C   R 314848 + 256 [0]
  8,33  23      163     0.030085971 17091  D   R 315104 + 256 [CReadTestSeq]
  8,33  23      164     0.030364807 17091  C   R 315104 + 256 [0]
  8,33  23      165     0.030443727 17091  D   R 315360 + 256 [CReadTestSeq]
  8,33  23      166     0.030727996 17091  C   R 315360 + 256 [0]
  8,33  23      167     0.030807236 17091  D   R 315616 + 256 [CReadTestSeq]
  8,33  23      168     0.031087122 17091  C   R 315616 + 256 [0]
  8,33  23      169     0.031165629 17091  D   R 315872 + 256 [CReadTestSeq]
  8,33  23      170     0.031445258 17091  C   R 315872 + 256 [0]
  8,33  23      171     0.031527409 17091  D   R 316128 + 256 [CReadTestSeq]
  8,33  23      172     0.031809204 17091  C   R 316128 + 256 [0]
  8,33  23      173     0.031885274 17091  D   R 316384 + 256 [CReadTestSeq]
  8,33  23      174     0.032164803 17091  C   R 316384 + 256 [0]
  8,33  23      175     0.032243338 17091  D   R 316640 + 256 [CReadTestSeq]
  8,33  23      176     0.032521354 17091  C   R 316640 + 256 [0]
  8,33  23      177     0.032601605 17091  D   R 316896 + 256 [CReadTestSeq]
  8,33  23      178     0.032884049 17091  C   R 316896 + 256 [0]
  8,33  23      179     0.032959520 17091  D   R 317152 + 256 [CReadTestSeq]
  8,33  23      180     0.033239590 17091  C   R 317152 + 256 [0]
  8,33  23      181     0.033317261 17091  D   R 317408 + 256 [CReadTestSeq]
  8,33  23      182     0.033595579 17091  C   R 317408 + 256 [0]
  8,33  23      183     0.033675107 17091  D   R 317664 + 256 [CReadTestSeq]
  8,33  23      184     0.033956439 17091  C   R 317664 + 256 [0]
  8,33  23      185     0.034048894 17091  D   R 317920 + 256 [CReadTestSeq]
  8,33  23      186     0.034327601 17091  C   R 317920 + 256 [0]
  8,33  23      187     0.034405544 17091  D   R 318176 + 256 [CReadTestSeq]
  8,33  23      188     0.034685677 17091  C   R 318176 + 256 [0]
  8,33  23      189     0.034770558 17091  D   R 318432 + 256 [CReadTestSeq]
  8,33  23      190     0.035049945 17091  C   R 318432 + 256 [0]
  8,33  23      191     0.035126308 17091  D   R 318688 + 256 [CReadTestSeq]
  8,33  23      192     0.035405445 17091  C   R 318688 + 256 [0]
  8,33  23      193     0.035486234 17091  D   R 318944 + 256 [CReadTestSeq]
  8,33  23      194     0.035766910 17091  C   R 318944 + 256 [0]
  8,33  23      195     0.035842810 17091  D   R 319200 + 256 [CReadTestSeq]
  8,33  23      196     0.036122723 17091  C   R 319200 + 256 [0]
  8,33  23      197     0.036200106 17091  D   R 319456 + 256 [CReadTestSeq]
  8,33  23      198     0.036478032 17091  C   R 319456 + 256 [0]
  8,33  23      199     0.036557667 17091  D   R 319712 + 256 [CReadTestSeq]
  8,33  23      200     0.036838401 17091  C   R 319712 + 256 [0]
  8,33  23      201     0.036914005 17091  D   R 319968 + 256 [CReadTestSeq]
  8,33  23      202     0.037193760 17091  C   R 319968 + 256 [0]
  8,33  23      203     0.037269928 17091  D   R 320224 + 256 [CReadTestSeq]
  8,33  23      204     0.037549255 17091  C   R 320224 + 256 [0]
  8,33  23      205     0.037626224 17091  D   R 320480 + 256 [CReadTestSeq]
  8,33  23      206     0.037907312 17091  C   R 320480 + 256 [0]
  8,33  23      207     0.037981874 17091  D   R 320736 + 256 [CReadTestSeq]
  8,33  23      208     0.038261725 17091  C   R 320736 + 256 [0]
  8,33  23      209     0.038338485 17091  D   R 320992 + 256 [CReadTestSeq]
  8,33  23      210     0.038627763 17091  C   R 320992 + 256 [0]
  8,33  23      211     0.038695804 17091  D   R 321248 + 256 [CReadTestSeq]
  8,33  23      212     0.038974523 17091  C   R 321248 + 256 [0]
  8,33  23      213     0.039052569 17091  D   R 321504 + 256 [CReadTestSeq]
  8,33  23      214     0.039331389 17091  C   R 321504 + 256 [0]
  8,33  23      215     0.039412475 17091  D   R 321760 + 256 [CReadTestSeq]
  8,33  23      216     0.039692967 17091  C   R 321760 + 256 [0]
  8,33  23      217     0.039769924 17091  D   R 322016 + 256 [CReadTestSeq]
  8,33  23      218     0.040049577 17091  C   R 322016 + 256 [0]
  8,33  23      219     0.040126479 17091  D   R 322272 + 256 [CReadTestSeq]
  8,33  23      220     0.040404411 17091  C   R 322272 + 256 [0]
  8,33  23      221     0.040483067 17091  D   R 322528 + 256 [CReadTestSeq]
  8,33  23      222     0.040764636 17091  C   R 322528 + 256 [0]
  8,33  23      223     0.040840320 17091  D   R 322784 + 256 [CReadTestSeq]
  8,33  23      224     0.041119654 17091  C   R 322784 + 256 [0]
  8,33  23      225     0.041197954 17091  D   R 323040 + 256 [CReadTestSeq]
  8,33  23      226     0.041476258 17091  C   R 323040 + 256 [0]
  8,33  23      227     0.041554998 17091  D   R 323296 + 256 [CReadTestSeq]
  8,33  23      228     0.041836135 17091  C   R 323296 + 256 [0]
  8,33  23      229     0.041911412 17091  D   R 323552 + 256 [CReadTestSeq]
  8,33  23      230     0.042190449 17091  C   R 323552 + 256 [0]
  8,33  23      231     0.042273950 17091  D   R 323808 + 256 [CReadTestSeq]
  8,33  23      232     0.042552040 17091  C   R 323808 + 256 [0]
  8,33  23      233     0.042631067 17091  D   R 324064 + 256 [CReadTestSeq]
  8,33  23      234     0.042912561 17091  C   R 324064 + 256 [0]
  8,33  23      235     0.042987240 17091  D   R 324320 + 256 [CReadTestSeq]
  8,33  23      236     0.043266976 17091  C   R 324320 + 256 [0]
  8,33  23      237     0.043346414 17091  D   R 324576 + 256 [CReadTestSeq]
  8,33  23      238     0.043628427 17091  C   R 324576 + 256 [0]
  8,33  23      239     0.043720112 17091  D   R 324832 + 256 [CReadTestSeq]
  8,33  23      240     0.044000406 17091  C   R 324832 + 256 [0]
  8,33  23      241     0.044076585 17091  D   R 325088 + 256 [CReadTestSeq]
  8,33  23      242     0.044355646 17091  C   R 325088 + 256 [0]
  8,33  23      243     0.044432590 17091  D   R 325344 + 256 [CReadTestSeq]
  8,33  23      244     0.044716699 17091  C   R 325344 + 256 [0]
  8,33  23      245     0.044794988 17091  D   R 325600 + 256 [CReadTestSeq]
  8,33  23      246     0.045074954 17091  C   R 325600 + 256 [0]
  8,33  23      247     0.045151422 17091  D   R 325856 + 256 [CReadTestSeq]
  8,33  23      248     0.045429997 17091  C   R 325856 + 256 [0]
  8,33  23      249     0.045506792 17091  D   R 326112 + 256 [CReadTestSeq]
  8,33  23      250     0.045788442 17091  C   R 326112 + 256 [0]
  8,33  23      251     0.045863598 17091  D   R 326368 + 256 [CReadTestSeq]
  8,33  23      252     0.046142237 17091  C   R 326368 + 256 [0]
  8,33  23      253     0.046220596 17091  D   R 326624 + 256 [CReadTestSeq]
  8,33  23      254     0.046498738 17091  C   R 326624 + 256 [0]
  8,33  23      255     0.046576347 17091  D   R 326880 + 256 [CReadTestSeq]
  8,33  23      256     0.046857857 17091  C   R 326880 + 256 [0]
  8,33  23      257     0.046932480 17091  D   R 327136 + 256 [CReadTestSeq]
  8,33  23      258     0.047210865 17091  C   R 327136 + 256 [0]
  8,33  23      259     0.047288640 17091  D   R 327392 + 256 [CReadTestSeq]
  8,33  23      260     0.047567348 17091  C   R 327392 + 256 [0]
  8,33  23      261     0.047648460 17091  D   R 327648 + 256 [CReadTestSeq]
  8,33  23      262     0.047929499 17091  C   R 327648 + 256 [0]
  8,33  23      263     0.048005555 17091  D   R 327904 + 256 [CReadTestSeq]
  8,33  23      264     0.048285075 17091  C   R 327904 + 256 [0]
  8,33  23      265     0.048360481 17091  D   R 328160 + 256 [CReadTestSeq]
  8,33  23      266     0.048641363 17091  C   R 328160 + 256 [0]
  8,33  23      267     0.048717244 17091  D   R 328416 + 256 [CReadTestSeq]
  8,33  23      268     0.048996078 17091  C   R 328416 + 256 [0]
  8,33  23      269     0.049073114 17091  D   R 328672 + 256 [CReadTestSeq]
  8,33  23      270     0.049351791 17091  C   R 328672 + 256 [0]
  8,33  23      271     0.049428853 17091  D   R 328928 + 256 [CReadTestSeq]
  8,33  23      272     0.049709271 17091  C   R 328928 + 256 [0]
  8,33  23      273     0.049785548 17091  D   R 329184 + 256 [CReadTestSeq]
  8,33  23      274     0.050065410 17091  C   R 329184 + 256 [0]
  8,33  23      275     0.050141811 17091  D   R 329440 + 256 [CReadTestSeq]
  8,33  23      276     0.050420769 17091  C   R 329440 + 256 [0]
  8,33  23      277     0.050497781 17091  D   R 329696 + 256 [CReadTestSeq]
  8,33  23      278     0.050778925 17091  C   R 329696 + 256 [0]
  8,33  23      279     0.050853006 17091  D   R 329952 + 256 [CReadTestSeq]
  8,33  23      280     0.051134054 17091  C   R 329952 + 256 [0]
  8,33  23      281     0.051209354 17091  D   R 330208 + 256 [CReadTestSeq]
  8,33  23      282     0.051488434 17091  C   R 330208 + 256 [0]
  8,33  23      283     0.051568377 17091  D   R 330464 + 256 [CReadTestSeq]
  8,33  23      284     0.051850080 17091  C   R 330464 + 256 [0]
  8,33  23      285     0.051924881 17091  D   R 330720 + 256 [CReadTestSeq]
  8,33  23      286     0.052204348 17091  C   R 330720 + 256 [0]
  8,33  23      287     0.052281070 17091  D   R 330976 + 256 [CReadTestSeq]
  8,33  23      288     0.052559485 17091  C   R 330976 + 256 [0]
  8,33  23      289     0.052636911 17091  D   R 331232 + 256 [CReadTestSeq]
  8,33  23      290     0.052918991 17091  C   R 331232 + 256 [0]
  8,33  23      291     0.052992915 17091  D   R 331488 + 256 [CReadTestSeq]
  8,33  23      292     0.053271070 17091  C   R 331488 + 256 [0]
  8,33  23      293     0.053353813 17091  D   R 331744 + 256 [CReadTestSeq]
  8,33  23      294     0.053635462 17091  C   R 331744 + 256 [0]
  8,33  23      295     0.053711115 17091  D   R 332000 + 256 [CReadTestSeq]
  8,33  23      296     0.053991840 17091  C   R 332000 + 256 [0]
  8,33  23      297     0.054082018 17091  D   R 332256 + 256 [CReadTestSeq]
  8,33  23      298     0.054360381 17091  C   R 332256 + 256 [0]
  8,33  23      299     0.054437026 17091  D   R 332512 + 256 [CReadTestSeq]
  8,33  23      300     0.054716734 17091  C   R 332512 + 256 [0]
  8,33  23      301     0.054797001 17091  D   R 332768 + 256 [CReadTestSeq]
  8,33  23      302     0.055075848 17091  C   R 332768 + 256 [0]
  8,33  23      303     0.055152549 17091  D   R 333024 + 256 [CReadTestSeq]
  8,33  23      304     0.055430530 17091  C   R 333024 + 256 [0]
  8,33  23      305     0.055511024 17091  D   R 333280 + 256 [CReadTestSeq]
  8,33  23      306     0.055791754 17091  C   R 333280 + 256 [0]
  8,33  23      307     0.055866193 17091  D   R 333536 + 256 [CReadTestSeq]
  8,33  23      308     0.056146351 17091  C   R 333536 + 256 [0]
  8,33  23      309     0.056222473 17091  D   R 333792 + 256 [CReadTestSeq]
  8,33  23      310     0.056500493 17091  C   R 333792 + 256 [0]
  8,33  23      311     0.056578280 17091  D   R 334048 + 256 [CReadTestSeq]
  8,33  23      312     0.056858068 17091  C   R 334048 + 256 [0]
  8,33  23      313     0.056933286 17091  D   R 334304 + 256 [CReadTestSeq]
  8,33  23      314     0.057211502 17091  C   R 334304 + 256 [0]
  8,33  23      315     0.057288936 17091  D   R 334560 + 256 [CReadTestSeq]
  8,33  23      316     0.057566254 17091  C   R 334560 + 256 [0]
  8,33  23      317     0.057643710 17091  D   R 334816 + 256 [CReadTestSeq]
  8,33  23      318     0.057922872 17091  C   R 334816 + 256 [0]
  8,33  23      319     0.057998739 17091  D   R 335072 + 256 [CReadTestSeq]
  8,33  23      320     0.058278167 17091  C   R 335072 + 256 [0]
  8,33  23      321     0.058355019 17091  D   R 335328 + 256 [CReadTestSeq]
  8,33  23      322     0.058635057 17091  C   R 335328 + 256 [0]
  8,33  23      323     0.058710686 17091  D   R 335584 + 256 [CReadTestSeq]
  8,33  23      324     0.058990436 17091  C   R 335584 + 256 [0]
  8,33  23      325     0.059066291 17091  D   R 335840 + 256 [CReadTestSeq]
  8,33  23      326     0.059344400 17091  C   R 335840 + 256 [0]
  8,33  23      327     0.059424566 17091  D   R 336096 + 256 [CReadTestSeq]
  8,33  23      328     0.059706492 17091  C   R 336096 + 256 [0]
  8,33  23      329     0.059782180 17091  D   R 336352 + 256 [CReadTestSeq]
  8,33  23      330     0.060061559 17091  C   R 336352 + 256 [0]
  8,33  23      331     0.060138569 17091  D   R 336608 + 256 [CReadTestSeq]
  8,33  23      332     0.060418434 17091  C   R 336608 + 256 [0]
  8,33  23      333     0.060541302 17091  D   R 336864 + 256 [CReadTestSeq]
  8,33  23      334     0.060837977 17091  C   R 336864 + 256 [0]
  8,33  23      335     0.061031037 17091  D   R 337120 + 256 [CReadTestSeq]
  8,33  23      336     0.061309213 17091  C   R 337120 + 256 [0]
  8,33  23      337     0.061386990 17091  D   R 337376 + 256 [CReadTestSeq]
  8,33  23      338     0.061669057 17091  C   R 337376 + 256 [0]
  8,33  23      339     0.061743094 17091  D   R 337632 + 256 [CReadTestSeq]
  8,33  23      340     0.062022907 17091  C   R 337632 + 256 [0]
  8,33  23      341     0.062098562 17091  D   R 337888 + 256 [CReadTestSeq]
  8,33  23      342     0.062375848 17091  C   R 337888 + 256 [0]
  8,33  23      343     0.062454467 17091  D   R 338144 + 256 [CReadTestSeq]
  8,33  23      344     0.062735467 17091  C   R 338144 + 256 [0]
  8,33  23      345     0.062810194 17091  D   R 338400 + 256 [CReadTestSeq]
  8,33  23      346     0.063089572 17091  C   R 338400 + 256 [0]
  8,33  23      347     0.063166437 17091  D   R 338656 + 256 [CReadTestSeq]
  8,33  23      348     0.063445440 17091  C   R 338656 + 256 [0]
  8,33  23      349     0.063532265 17091  D   R 338912 + 256 [CReadTestSeq]
  8,33  23      350     0.063814528 17091  C   R 338912 + 256 [0]
  8,33  23      351     0.063903306 17091  D   R 339168 + 256 [CReadTestSeq]
  8,33  23      352     0.064181350 17091  C   R 339168 + 256 [0]
  8,33  23      353     0.064258492 17091  D   R 339424 + 256 [CReadTestSeq]
  8,33  23      354     0.064537136 17091  C   R 339424 + 256 [0]
  8,33  23      355     0.064613440 17091  D   R 339680 + 256 [CReadTestSeq]
  8,33  23      356     0.064894098 17091  C   R 339680 + 256 [0]
  8,33  23      357     0.064969111 17091  D   R 339936 + 256 [CReadTestSeq]
  8,33  23      358     0.065248532 17091  C   R 339936 + 256 [0]
  8,33  23      359     0.065323924 17091  D   R 340192 + 256 [CReadTestSeq]
  8,33  23      360     0.065602292 17091  C   R 340192 + 256 [0]
  8,33  23      361     0.065680521 17091  D   R 340448 + 256 [CReadTestSeq]
  8,33  23      362     0.065961600 17091  C   R 340448 + 256 [0]
  8,33  23      363     0.066036363 17091  D   R 340704 + 256 [CReadTestSeq]
  8,33  23      364     0.066314489 17091  C   R 340704 + 256 [0]
  8,33  23      365     0.066391089 17091  D   R 340960 + 256 [CReadTestSeq]
  8,33  23      366     0.066671803 17091  C   R 340960 + 256 [0]
  8,33  23      367     0.066746180 17091  D   R 341216 + 256 [CReadTestSeq]
  8,33  23      368     0.067024429 17091  C   R 341216 + 256 [0]
  8,33  23      369     0.067100689 17091  D   R 341472 + 256 [CReadTestSeq]
  8,33  23      370     0.067378827 17091  C   R 341472 + 256 [0]
  8,33  23      371     0.067458773 17091  D   R 341728 + 256 [CReadTestSeq]
  8,33  23      372     0.067740337 17091  C   R 341728 + 256 [0]
  8,33  23      373     0.067813764 17091  D   R 341984 + 256 [CReadTestSeq]
  8,33  23      374     0.068092973 17091  C   R 341984 + 256 [0]
  8,33  23      375     0.068168276 17091  D   R 342240 + 256 [CReadTestSeq]
  8,33  23      376     0.068448353 17091  C   R 342240 + 256 [0]
  8,33  23      377     0.068523338 17091  D   R 342496 + 256 [CReadTestSeq]
  8,33  23      378     0.068805051 17091  C   R 342496 + 256 [0]
  8,33  23      379     0.068876917 17091  D   R 342752 + 256 [CReadTestSeq]
  8,33  23      380     0.069156322 17091  C   R 342752 + 256 [0]
  8,33  23      381     0.069233392 17091  D   R 343008 + 256 [CReadTestSeq]
  8,33  23      382     0.069511580 17091  C   R 343008 + 256 [0]
  8,33  23      383     0.069587785 17091  D   R 343264 + 256 [CReadTestSeq]
  8,33  23      384     0.069869437 17091  C   R 343264 + 256 [0]
  8,33  23      385     0.069943836 17091  D   R 343520 + 256 [CReadTestSeq]
  8,33  23      386     0.070223457 17091  C   R 343520 + 256 [0]
  8,33  23      387     0.070297669 17091  D   R 343776 + 256 [CReadTestSeq]
  8,33  23      388     0.070575728 17091  C   R 343776 + 256 [0]
  8,33  23      389     0.070653511 17091  D   R 344032 + 256 [CReadTestSeq]
  8,33  23      390     0.070933856 17091  C   R 344032 + 256 [0]
  8,33  23      391     0.071007743 17091  D   R 344288 + 256 [CReadTestSeq]
  8,33  23      392     0.071286847 17091  C   R 344288 + 256 [0]
  8,33  23      393     0.071365864 17091  D   R 344544 + 256 [CReadTestSeq]
  8,33  23      394     0.071646156 17091  C   R 344544 + 256 [0]
  8,33  23      395     0.071724440 17091  D   R 344800 + 256 [CReadTestSeq]
  8,33  23      396     0.072004536 17091  C   R 344800 + 256 [0]
  8,33  23      397     0.072082668 17091  D   R 345056 + 256 [CReadTestSeq]
  8,33  23      398     0.072361604 17091  C   R 345056 + 256 [0]
  8,33  23      399     0.072441533 17091  D   R 345312 + 256 [CReadTestSeq]
  8,33  23      400     0.072722439 17091  C   R 345312 + 256 [0]
  8,33  23      401     0.072804411 17091  D   R 345568 + 256 [CReadTestSeq]
  8,33  23      402     0.073083999 17091  C   R 345568 + 256 [0]
  8,33  23      403     0.073166329 17091  D   R 345824 + 256 [CReadTestSeq]
  8,33  23      404     0.073444390 17091  C   R 345824 + 256 [0]
  8,33  23      405     0.073523057 17091  D   R 346080 + 256 [CReadTestSeq]
  8,33  23      406     0.073802604 17091  C   R 346080 + 256 [0]
  8,33  23      407     0.073897228 17091  D   R 346336 + 256 [CReadTestSeq]
  8,33  23      408     0.074177195 17091  C   R 346336 + 256 [0]
  8,33  23      409     0.074252065 17091  D   R 346592 + 256 [CReadTestSeq]
  8,33  23      410     0.074530330 17091  C   R 346592 + 256 [0]
  8,33  23      411     0.074605648 17091  D   R 346848 + 256 [CReadTestSeq]
  8,33  23      412     0.074891692 17091  C   R 346848 + 256 [0]
  8,33  23      413     0.074965335 17091  D   R 347104 + 256 [CReadTestSeq]
  8,33  23      414     0.075245000 17091  C   R 347104 + 256 [0]
  8,33  23      415     0.075323430 17091  D   R 347360 + 256 [CReadTestSeq]
  8,33  23      416     0.075602531 17091  C   R 347360 + 256 [0]
  8,33  23      417     0.075678977 17091  D   R 347616 + 256 [CReadTestSeq]
  8,33  23      418     0.075959974 17091  C   R 347616 + 256 [0]
  8,33  23      419     0.076033732 17091  D   R 347872 + 256 [CReadTestSeq]
  8,33  23      420     0.076311952 17091  C   R 347872 + 256 [0]
  8,33  23      421     0.076387698 17091  D   R 348128 + 256 [CReadTestSeq]
  8,33  23      422     0.076667511 17091  C   R 348128 + 256 [0]
  8,33  23      423     0.076742680 17091  D   R 348384 + 256 [CReadTestSeq]
  8,33  23      424     0.077021448 17091  C   R 348384 + 256 [0]
  8,33  23      425     0.077096207 17091  D   R 348640 + 256 [CReadTestSeq]
  8,33  23      426     0.077374467 17091  C   R 348640 + 256 [0]
  8,33  23      427     0.077450499 17091  D   R 348896 + 256 [CReadTestSeq]
  8,33  23      428     0.077730888 17091  C   R 348896 + 256 [0]
  8,33  23      429     0.077805279 17091  D   R 349152 + 256 [CReadTestSeq]
  8,33  23      430     0.078084538 17091  C   R 349152 + 256 [0]
  8,33  23      431     0.078159631 17091  D   R 349408 + 256 [CReadTestSeq]
  8,33  23      432     0.078438111 17091  C   R 349408 + 256 [0]
  8,33  23      433     0.078513870 17091  D   R 349664 + 256 [CReadTestSeq]
  8,33  23      434     0.078794620 17091  C   R 349664 + 256 [0]
  8,33  23      435     0.078868423 17091  D   R 349920 + 256 [CReadTestSeq]
  8,33  23      436     0.079146614 17091  C   R 349920 + 256 [0]
  8,33  23      437     0.079222790 17091  D   R 350176 + 256 [CReadTestSeq]
  8,33  23      438     0.079500719 17091  C   R 350176 + 256 [0]
  8,33  23      439     0.079579416 17091  D   R 350432 + 256 [CReadTestSeq]
  8,33  23      440     0.079858734 17091  C   R 350432 + 256 [0]
  8,33  23      441     0.079933157 17091  D   R 350688 + 256 [CReadTestSeq]
  8,33  23      442     0.080211544 17091  C   R 350688 + 256 [0]
  8,33  23      443     0.080287644 17091  D   R 350944 + 256 [CReadTestSeq]
  8,33  23      444     0.080565171 17091  C   R 350944 + 256 [0]
  8,33  23      445     0.080642443 17091  D   R 351200 + 256 [CReadTestSeq]
  8,33  23      446     0.080924965 17091  C   R 351200 + 256 [0]
  8,33  23      447     0.080997102 17091  D   R 351456 + 256 [CReadTestSeq]
  8,33  23      448     0.081278368 17091  C   R 351456 + 256 [0]
  8,33  23      449     0.081352562 17091  D   R 351712 + 256 [CReadTestSeq]
  8,33  23      450     0.081636624 17091  C   R 351712 + 256 [0]
  8,33  23      451     0.081708099 17091  D   R 351968 + 256 [CReadTestSeq]
  8,33  23      452     0.081988463 17091  C   R 351968 + 256 [0]
  8,33  23      453     0.082062598 17091  D   R 352224 + 256 [CReadTestSeq]
  8,33  23      454     0.082340166 17091  C   R 352224 + 256 [0]
  8,33  23      455     0.082416633 17091  D   R 352480 + 256 [CReadTestSeq]
  8,33  23      456     0.082696339 17091  C   R 352480 + 256 [0]
  8,33  23      457     0.082771081 17091  D   R 352736 + 256 [CReadTestSeq]
  8,33  23      458     0.083050222 17091  C   R 352736 + 256 [0]
  8,33  23      459     0.083124823 17091  D   R 352992 + 256 [CReadTestSeq]
  8,33  23      460     0.083402615 17091  C   R 352992 + 256 [0]
  8,33  23      461     0.083482396 17091  D   R 353248 + 256 [CReadTestSeq]
  8,33  23      462     0.083762904 17091  C   R 353248 + 256 [0]
  8,33  23      463     0.083852271 17091  D   R 353504 + 256 [CReadTestSeq]
  8,33  23      464     0.084131378 17091  C   R 353504 + 256 [0]
  8,33  23      465     0.084207211 17091  D   R 353760 + 256 [CReadTestSeq]
  8,33  23      466     0.084486394 17091  C   R 353760 + 256 [0]
  8,33  23      467     0.084561131 17091  D   R 354016 + 256 [CReadTestSeq]
  8,33  23      468     0.084842061 17091  C   R 354016 + 256 [0]
  8,33  23      469     0.084918704 17091  D   R 354272 + 256 [CReadTestSeq]
  8,33  23      470     0.085197526 17091  C   R 354272 + 256 [0]
  8,33  23      471     0.085272524 17091  D   R 354528 + 256 [CReadTestSeq]
  8,33  23      472     0.085550437 17091  C   R 354528 + 256 [0]
  8,33  23      473     0.085626832 17091  D   R 354784 + 256 [CReadTestSeq]
  8,33  23      474     0.085906768 17091  C   R 354784 + 256 [0]
  8,33  23      475     0.085980417 17091  D   R 355040 + 256 [CReadTestSeq]
  8,33  23      476     0.086260225 17091  C   R 355040 + 256 [0]
  8,33  23      477     0.086333902 17091  D   R 355296 + 256 [CReadTestSeq]
  8,33  23      478     0.086629641 17091  C   R 355296 + 256 [0]
  8,33  23      479     0.086688671 17091  D   R 355552 + 256 [CReadTestSeq]
  8,33  23      480     0.086968435 17091  C   R 355552 + 256 [0]
  8,33  23      481     0.087042599 17091  D   R 355808 + 256 [CReadTestSeq]
  8,33  23      482     0.087320877 17091  C   R 355808 + 256 [0]
  8,33  23      483     0.087398444 17091  D   R 356064 + 256 [CReadTestSeq]
  8,33  23      484     0.087678981 17091  C   R 356064 + 256 [0]
  8,33  23      485     0.087752388 17091  D   R 356320 + 256 [CReadTestSeq]
  8,33  23      486     0.088031077 17091  C   R 356320 + 256 [0]
  8,33  23      487     0.088106484 17091  D   R 356576 + 256 [CReadTestSeq]
  8,33  23      488     0.088384618 17091  C   R 356576 + 256 [0]
  8,33  23      489     0.088460611 17091  D   R 356832 + 256 [CReadTestSeq]
  8,33  23      490     0.088739842 17091  C   R 356832 + 256 [0]
  8,33  23      491     0.088815083 17091  D   R 357088 + 256 [CReadTestSeq]
  8,33  23      492     0.089093568 17091  C   R 357088 + 256 [0]
  8,33  23      493     0.089168692 17091  D   R 357344 + 256 [CReadTestSeq]
  8,33  23      494     0.089446082 17091  C   R 357344 + 256 [0]
  8,33  23      495     0.089523048 17091  D   R 357600 + 256 [CReadTestSeq]
  8,33  23      496     0.089801879 17091  C   R 357600 + 256 [0]
  8,33  23      497     0.089877220 17091  D   R 357856 + 256 [CReadTestSeq]
  8,33  23      498     0.090156411 17091  C   R 357856 + 256 [0]
  8,33  23      499     0.090230882 17091  D   R 358112 + 256 [CReadTestSeq]
  8,33  23      500     0.090508684 17091  C   R 358112 + 256 [0]
  8,33  23      501     0.090585131 17091  D   R 358368 + 256 [CReadTestSeq]
  8,33  23      502     0.090865062 17091  C   R 358368 + 256 [0]
  8,33  23      503     0.090938627 17091  D   R 358624 + 256 [CReadTestSeq]
  8,33  23      504     0.091217247 17091  C   R 358624 + 256 [0]
  8,33  23      505     0.091293514 17091  D   R 358880 + 256 [CReadTestSeq]
  8,33  23      506     0.091571308 17091  C   R 358880 + 256 [0]
  8,33  23      507     0.091650211 17091  D   R 359136 + 256 [CReadTestSeq]
  8,33  23      508     0.091932797 17091  C   R 359136 + 256 [0]
  8,33  23      509     0.092003484 17091  D   R 359392 + 256 [CReadTestSeq]
  8,33  23      510     0.092282327 17091  C   R 359392 + 256 [0]
  8,33  23      511     0.092356770 17091  D   R 359648 + 256 [CReadTestSeq]
  8,33  23      512     0.092639485 17091  C   R 359648 + 256 [0]
  8,33  23      513     0.092710327 17091  D   R 359904 + 256 [CReadTestSeq]
  8,33  23      514     0.092990526 17091  C   R 359904 + 256 [0]
  8,33  23      515     0.093064031 17091  D   R 360160 + 256 [CReadTestSeq]
  8,33  23      516     0.093342126 17091  C   R 360160 + 256 [0]
  8,33  23      517     0.093417614 17091  D   R 360416 + 256 [CReadTestSeq]
  8,33  23      518     0.093698498 17091  C   R 360416 + 256 [0]
  8,33  23      519     0.093769706 17091  D   R 360672 + 256 [CReadTestSeq]
  8,33  23      520     0.094048954 17091  C   R 360672 + 256 [0]
  8,33  23      521     0.094139132 17091  D   R 360928 + 256 [CReadTestSeq]
  8,33  23      522     0.094416593 17091  C   R 360928 + 256 [0]
  8,33  23      523     0.094499179 17091  D   R 361184 + 256 [CReadTestSeq]
  8,33  23      524     0.094778896 17091  C   R 361184 + 256 [0]
  8,33  23      525     0.094851513 17091  D   R 361440 + 256 [CReadTestSeq]
  8,33  23      526     0.095131140 17091  C   R 361440 + 256 [0]
  8,33  23      527     0.095204398 17091  D   R 361696 + 256 [CReadTestSeq]
  8,33  23      528     0.095483081 17091  C   R 361696 + 256 [0]
  8,33  23      529     0.095560822 17091  D   R 361952 + 256 [CReadTestSeq]
  8,33  23      530     0.095840676 17091  C   R 361952 + 256 [0]
  8,33  23      531     0.095917888 17091  D   R 362208 + 256 [CReadTestSeq]
  8,33  23      532     0.096197330 17091  C   R 362208 + 256 [0]
  8,33  23      533     0.096271706 17091  D   R 362464 + 256 [CReadTestSeq]
  8,33  23      534     0.096549002 17091  C   R 362464 + 256 [0]
  8,33  23      535     0.096624834 17091  D   R 362720 + 256 [CReadTestSeq]
  8,33  23      536     0.096905210 17091  C   R 362720 + 256 [0]
  8,33  23      537     0.096978393 17091  D   R 362976 + 256 [CReadTestSeq]
  8,33  23      538     0.097257087 17091  C   R 362976 + 256 [0]
  8,33  23      539     0.097331451 17091  D   R 363232 + 256 [CReadTestSeq]
  8,33  23      540     0.097609660 17091  C   R 363232 + 256 [0]
  8,33  23      541     0.097684415 17091  D   R 363488 + 256 [CReadTestSeq]
  8,33  23      542     0.097965044 17091  C   R 363488 + 256 [0]
  8,33  23      543     0.098038394 17091  D   R 363744 + 256 [CReadTestSeq]
  8,33  23      544     0.098318490 17091  C   R 363744 + 256 [0]
  8,33  23      545     0.098392264 17091  D   R 364000 + 256 [CReadTestSeq]
  8,33  23      546     0.098673636 17091  C   R 364000 + 256 [0]
  8,33  23      547     0.098745256 17091  D   R 364256 + 256 [CReadTestSeq]
  8,33  23      548     0.099024525 17091  C   R 364256 + 256 [0]
  8,33  23      549     0.099098404 17091  D   R 364512 + 256 [CReadTestSeq]
  8,33  23      550     0.099376458 17091  C   R 364512 + 256 [0]
  8,33  23      551     0.099454215 17091  D   R 364768 + 256 [CReadTestSeq]
  8,33  23      552     0.099735760 17091  C   R 364768 + 256 [0]
  8,33  23      553     0.099808311 17091  D   R 365024 + 256 [CReadTestSeq]
  8,33  23      554     0.100086527 17091  C   R 365024 + 256 [0]
  8,33  23      555     0.100161194 17091  D   R 365280 + 256 [CReadTestSeq]
  8,33  23      556     0.100438608 17091  C   R 365280 + 256 [0]
  8,33  23      557     0.100514677 17091  D   R 365536 + 256 [CReadTestSeq]
  8,33  23      558     0.100796587 17091  C   R 365536 + 256 [0]
  8,33  23      559     0.100867048 17091  D   R 365792 + 256 [CReadTestSeq]
  8,33  23      560     0.101145521 17091  C   R 365792 + 256 [0]
  8,33  23      561     0.101220469 17091  D   R 366048 + 256 [CReadTestSeq]
  8,33  23      562     0.101499186 17091  C   R 366048 + 256 [0]
  8,33  23      563     0.101573795 17091  D   R 366304 + 256 [CReadTestSeq]
  8,33  23      564     0.101856010 17091  C   R 366304 + 256 [0]
  8,33  23      565     0.101926220 17091  D   R 366560 + 256 [CReadTestSeq]
  8,33  23      566     0.102205171 17091  C   R 366560 + 256 [0]
  8,33  23      567     0.102279737 17091  D   R 366816 + 256 [CReadTestSeq]
  8,33  23      568     0.102558374 17091  C   R 366816 + 256 [0]
  8,33  23      569     0.102632504 17091  D   R 367072 + 256 [CReadTestSeq]
  8,33  23      570     0.102914101 17091  C   R 367072 + 256 [0]
  8,33  23      571     0.102986985 17091  D   R 367328 + 256 [CReadTestSeq]
  8,33  23      572     0.103265126 17091  C   R 367328 + 256 [0]
  8,33  23      573     0.103342390 17091  D   R 367584 + 256 [CReadTestSeq]
  8,33  23      574     0.103632501 17091  C   R 367584 + 256 [0]
  8,33  23      575     0.103695894 17091  D   R 367840 + 256 [CReadTestSeq]
  8,33  23      576     0.103974580 17091  C   R 367840 + 256 [0]
  8,33  23      577     0.104065782 17091  D   R 368096 + 256 [CReadTestSeq]
  8,33  23      578     0.104344257 17091  C   R 368096 + 256 [0]
  8,33  23      579     0.104423857 17091  D   R 368352 + 256 [CReadTestSeq]
  8,33  23      580     0.104703885 17091  C   R 368352 + 256 [0]
  8,33  23      581     0.104782466 17091  D   R 368608 + 256 [CReadTestSeq]
  8,33  23      582     0.105061114 17091  C   R 368608 + 256 [0]
  8,33  23      583     0.105135593 17091  D   R 368864 + 256 [CReadTestSeq]
  8,33  23      584     0.105413566 17091  C   R 368864 + 256 [0]
  8,33  23      585     0.105488602 17091  D   R 369120 + 256 [CReadTestSeq]
  8,33  23      586     0.105769239 17091  C   R 369120 + 256 [0]
  8,33  23      587     0.105842073 17091  D   R 369376 + 256 [CReadTestSeq]
  8,33  23      588     0.106121217 17091  C   R 369376 + 256 [0]
  8,33  23      589     0.106194420 17091  D   R 369632 + 256 [CReadTestSeq]
  8,33  23      590     0.106472912 17091  C   R 369632 + 256 [0]
  8,33  23      591     0.106550576 17091  D   R 369888 + 256 [CReadTestSeq]
  8,33  23      592     0.106829988 17091  C   R 369888 + 256 [0]
  8,33  23      593     0.106902424 17091  D   R 370144 + 256 [CReadTestSeq]
  8,33  23      594     0.107181555 17091  C   R 370144 + 256 [0]
  8,33  23      595     0.107255493 17091  D   R 370400 + 256 [CReadTestSeq]
  8,33  23      596     0.107533271 17091  C   R 370400 + 256 [0]
  8,33  23      597     0.107610693 17091  D   R 370656 + 256 [CReadTestSeq]
  8,33  23      598     0.107892303 17091  C   R 370656 + 256 [0]
  8,33  23      599     0.107964114 17091  D   R 370912 + 256 [CReadTestSeq]
  8,33  23      600     0.108242446 17091  C   R 370912 + 256 [0]
  8,33  23      601     0.108316784 17091  D   R 371168 + 256 [CReadTestSeq]
  8,33  23      602     0.108594847 17091  C   R 371168 + 256 [0]
  8,33  23      603     0.108669512 17091  D   R 371424 + 256 [CReadTestSeq]
  8,33  23      604     0.108951156 17091  C   R 371424 + 256 [0]
  8,33  23      605     0.109023013 17091  D   R 371680 + 256 [CReadTestSeq]
  8,33  23      606     0.109302827 17091  C   R 371680 + 256 [0]
  8,33  23      607     0.109375270 17091  D   R 371936 + 256 [CReadTestSeq]
  8,33  23      608     0.109655325 17091  C   R 371936 + 256 [0]
  8,33  23      609     0.109728127 17091  D   R 372192 + 256 [CReadTestSeq]
  8,33  23      610     0.110010555 17091  C   R 372192 + 256 [0]
  8,33  23      611     0.110080967 17091  D   R 372448 + 256 [CReadTestSeq]
  8,33  23      612     0.110358959 17091  C   R 372448 + 256 [0]
  8,33  23      613     0.110442690 17091  D   R 372704 + 256 [CReadTestSeq]
  8,33  23      614     0.110726473 17091  C   R 372704 + 256 [0]
  8,33  23      615     0.110913135 17091  D   R 372960 + 256 [CReadTestSeq]
  8,33  23      616     0.111193991 17091  C   R 372960 + 256 [0]
  8,33  23      617     0.111322856 17091  D   R 373216 + 256 [CReadTestSeq]
  8,33  23      618     0.111601239 17091  C   R 373216 + 256 [0]
  8,33  23      619     0.111676522 17091  D   R 373472 + 256 [CReadTestSeq]
  8,33  23      620     0.111957436 17091  C   R 373472 + 256 [0]
  8,33  23      621     0.112030487 17091  D   R 373728 + 256 [CReadTestSeq]
  8,33  23      622     0.112308831 17091  C   R 373728 + 256 [0]
  8,33  23      623     0.112381774 17091  D   R 373984 + 256 [CReadTestSeq]
  8,33  23      624     0.112662451 17091  C   R 373984 + 256 [0]
  8,33  23      625     0.112734242 17091  D   R 374240 + 256 [CReadTestSeq]
  8,33  23      626     0.113012999 17091  C   R 374240 + 256 [0]
  8,33  23      627     0.113087382 17091  D   R 374496 + 256 [CReadTestSeq]
  8,33  23      628     0.113365331 17091  C   R 374496 + 256 [0]
  8,33  23      629     0.113440612 17091  D   R 374752 + 256 [CReadTestSeq]
  8,33  23      630     0.113720525 17091  C   R 374752 + 256 [0]
  8,33  23      631     0.113793100 17091  D   R 375008 + 256 [CReadTestSeq]
  8,33  23      632     0.114071755 17091  C   R 375008 + 256 [0]
  8,33  23      633     0.114162221 17091  D   R 375264 + 256 [CReadTestSeq]
  8,33  23      634     0.114439514 17091  C   R 375264 + 256 [0]
  8,33  23      635     0.114515446 17091  D   R 375520 + 256 [CReadTestSeq]
  8,33  23      636     0.114796132 17091  C   R 375520 + 256 [0]
  8,33  23      637     0.114868653 17091  D   R 375776 + 256 [CReadTestSeq]
  8,33  23      638     0.115147140 17091  C   R 375776 + 256 [0]
  8,33  23      639     0.115220322 17091  D   R 376032 + 256 [CReadTestSeq]
  8,33  23      640     0.115499924 17091  C   R 376032 + 256 [0]
  8,33  23      641     0.115576093 17091  D   R 376288 + 256 [CReadTestSeq]
  8,33  23      642     0.115855643 17091  C   R 376288 + 256 [0]
  8,33  23      643     0.115928945 17091  D   R 376544 + 256 [CReadTestSeq]
  8,33  23      644     0.116209042 17091  C   R 376544 + 256 [0]
  8,33  23      645     0.116281596 17091  D   R 376800 + 256 [CReadTestSeq]
  8,33  23      646     0.116559928 17091  C   R 376800 + 256 [0]
  8,33  23      647     0.116632970 17091  D   R 377056 + 256 [CReadTestSeq]
  8,33  23      648     0.116914189 17091  C   R 377056 + 256 [0]
  8,33  23      649     0.116986124 17091  D   R 377312 + 256 [CReadTestSeq]
  8,33  23      650     0.117264572 17091  C   R 377312 + 256 [0]
  8,33  23      651     0.117340841 17091  D   R 377568 + 256 [CReadTestSeq]
  8,33  23      652     0.117633893 17091  C   R 377568 + 256 [0]
  8,33  23      653     0.117693840 17091  D   R 377824 + 256 [CReadTestSeq]
  8,33  23      654     0.117973372 17091  C   R 377824 + 256 [0]
  8,33  23      655     0.118045356 17091  D   R 378080 + 256 [CReadTestSeq]
  8,33  23      656     0.118323034 17091  C   R 378080 + 256 [0]
  8,33  23      657     0.118398190 17091  D   R 378336 + 256 [CReadTestSeq]
  8,33  23      658     0.118678721 17091  C   R 378336 + 256 [0]
  8,33  23      659     0.118750845 17091  D   R 378592 + 256 [CReadTestSeq]
  8,33  23      660     0.119030151 17091  C   R 378592 + 256 [0]
  8,33  23      661     0.119103179 17091  D   R 378848 + 256 [CReadTestSeq]
  8,33  23      662     0.119381482 17091  C   R 378848 + 256 [0]
  8,33  23      663     0.119458171 17091  D   R 379104 + 256 [CReadTestSeq]
  8,33  23      664     0.119739015 17091  C   R 379104 + 256 [0]
  8,33  23      665     0.119811339 17091  D   R 379360 + 256 [CReadTestSeq]
  8,33  23      666     0.120091023 17091  C   R 379360 + 256 [0]
  8,33  23      667     0.120164272 17091  D   R 379616 + 256 [CReadTestSeq]
  8,33  23      668     0.120441601 17091  C   R 379616 + 256 [0]
  8,33  23      669     0.120517406 17091  D   R 379872 + 256 [CReadTestSeq]
  8,33  23      670     0.120798149 17091  C   R 379872 + 256 [0]
  8,33  23      671     0.120869983 17091  D   R 380128 + 256 [CReadTestSeq]
  8,33  23      672     0.121149076 17091  C   R 380128 + 256 [0]
  8,33  23      673     0.121222672 17091  D   R 380384 + 256 [CReadTestSeq]
  8,33  23      674     0.121501480 17091  C   R 380384 + 256 [0]
  8,33  23      675     0.121575282 17091  D   R 380640 + 256 [CReadTestSeq]
  8,33  23      676     0.121854610 17091  C   R 380640 + 256 [0]
  8,33  23      677     0.121927443 17091  D   R 380896 + 256 [CReadTestSeq]
  8,33  23      678     0.122206407 17091  C   R 380896 + 256 [0]
  8,33  23      679     0.122279501 17091  D   R 381152 + 256 [CReadTestSeq]
  8,33  23      680     0.122557709 17091  C   R 381152 + 256 [0]
  8,33  23      681     0.122631500 17091  D   R 381408 + 256 [CReadTestSeq]
  8,33  23      682     0.122912820 17091  C   R 381408 + 256 [0]
  8,33  23      683     0.122983377 17091  D   R 381664 + 256 [CReadTestSeq]
  8,33  23      684     0.123262514 17091  C   R 381664 + 256 [0]
  8,33  23      685     0.123339049 17091  D   R 381920 + 256 [CReadTestSeq]
  8,33  23      686     0.123637604 17091  C   R 381920 + 256 [0]
  8,33  23      687     0.123706621 17091  D   R 382176 + 256 [CReadTestSeq]
  8,33  23      688     0.123984957 17091  C   R 382176 + 256 [0]
  8,33  23      689     0.124058183 17091  D   R 382432 + 256 [CReadTestSeq]
  8,33  23      690     0.124335788 17091  C   R 382432 + 256 [0]
  8,33  23      691     0.124409910 17091  D   R 382688 + 256 [CReadTestSeq]
  8,33  23      692     0.124690343 17091  C   R 382688 + 256 [0]
  8,33  23      693     0.124761843 17091  D   R 382944 + 256 [CReadTestSeq]
  8,33  23      694     0.125040383 17091  C   R 382944 + 256 [0]
  8,33  23      695     0.125113532 17091  D   R 383200 + 256 [CReadTestSeq]
  8,33  23      696     0.125391569 17091  C   R 383200 + 256 [0]
  8,33  23      697     0.125465730 17091  D   R 383456 + 256 [CReadTestSeq]
  8,33  23      698     0.125746931 17091  C   R 383456 + 256 [0]
  8,33  23      699     0.125818774 17091  D   R 383712 + 256 [CReadTestSeq]
  8,33  23      700     0.126096926 17091  C   R 383712 + 256 [0]
  8,33  23      701     0.126170908 17091  D   R 383968 + 256 [CReadTestSeq]
  8,33  23      702     0.126448168 17091  C   R 383968 + 256 [0]
  8,33  23      703     0.126523367 17091  D   R 384224 + 256 [CReadTestSeq]
  8,33  23      704     0.126803071 17091  C   R 384224 + 256 [0]
  8,33  23      705     0.126875267 17091  D   R 384480 + 256 [CReadTestSeq]
  8,33  23      706     0.127153695 17091  C   R 384480 + 256 [0]
  8,33  23      707     0.127227916 17091  D   R 384736 + 256 [CReadTestSeq]
  8,33  23      708     0.127506428 17091  C   R 384736 + 256 [0]
  8,33  23      709     0.127582315 17091  D   R 384992 + 256 [CReadTestSeq]
  8,33  23      710     0.127864119 17091  C   R 384992 + 256 [0]
  8,33  23      711     0.127934128 17091  D   R 385248 + 256 [CReadTestSeq]
  8,33  23      712     0.128212142 17091  C   R 385248 + 256 [0]
  8,33  23      713     0.128289433 17091  D   R 385504 + 256 [CReadTestSeq]
  8,33  23      714     0.128566759 17091  C   R 385504 + 256 [0]
  8,33  23      715     0.128640908 17091  D   R 385760 + 256 [CReadTestSeq]
  8,33  23      716     0.128921368 17091  C   R 385760 + 256 [0]
  8,33  23      717     0.128991997 17091  D   R 386016 + 256 [CReadTestSeq]
  8,33  23      718     0.129270269 17091  C   R 386016 + 256 [0]
  8,33  23      719     0.129343137 17091  D   R 386272 + 256 [CReadTestSeq]
  8,33  23      720     0.129634837 17091  C   R 386272 + 256 [0]
  8,33  23      721     0.129695628 17091  D   R 386528 + 256 [CReadTestSeq]
  8,33  23      722     0.129975918 17091  C   R 386528 + 256 [0]
  8,33  23      723     0.130047449 17091  D   R 386784 + 256 [CReadTestSeq]
  8,33  23      724     0.130325606 17091  C   R 386784 + 256 [0]
  8,33  23      725     0.130399782 17091  D   R 387040 + 256 [CReadTestSeq]
  8,33  23      726     0.130680854 17091  C   R 387040 + 256 [0]
  8,33  23      727     0.130752510 17091  D   R 387296 + 256 [CReadTestSeq]
  8,33  23      728     0.131034686 17091  C   R 387296 + 256 [0]
  8,33  23      729     0.131104894 17091  D   R 387552 + 256 [CReadTestSeq]
  8,33  23      730     0.131384924 17091  C   R 387552 + 256 [0]
  8,33  23      731     0.131463215 17091  D   R 387808 + 256 [CReadTestSeq]
  8,33  23      732     0.131744630 17091  C   R 387808 + 256 [0]
  8,33  23      733     0.131815476 17091  D   R 388064 + 256 [CReadTestSeq]
  8,33  23      734     0.132095314 17091  C   R 388064 + 256 [0]
  8,33  23      735     0.132167033 17091  D   R 388320 + 256 [CReadTestSeq]
  8,33  23      736     0.132445154 17091  C   R 388320 + 256 [0]
  8,33  23      737     0.132518753 17091  D   R 388576 + 256 [CReadTestSeq]
  8,33  23      738     0.132799541 17091  C   R 388576 + 256 [0]
  8,33  23      739     0.132870537 17091  D   R 388832 + 256 [CReadTestSeq]
  8,33  23      740     0.133149603 17091  C   R 388832 + 256 [0]
  8,33  23      741     0.133222753 17091  D   R 389088 + 256 [CReadTestSeq]
  8,33  23      742     0.133500363 17091  C   R 389088 + 256 [0]
  8,33  23      743     0.133573888 17091  D   R 389344 + 256 [CReadTestSeq]
  8,33  23      744     0.133855737 17091  C   R 389344 + 256 [0]
  8,33  23      745     0.133940964 17091  D   R 389600 + 256 [CReadTestSeq]
  8,33  23      746     0.134219120 17091  C   R 389600 + 256 [0]
  8,33  23      747     0.134292385 17091  D   R 389856 + 256 [CReadTestSeq]
  8,33  23      748     0.134570137 17091  C   R 389856 + 256 [0]
  8,33  23      749     0.134644209 17091  D   R 390112 + 256 [CReadTestSeq]
  8,33  23      750     0.134925251 17091  C   R 390112 + 256 [0]
  8,33  23      751     0.134995641 17091  D   R 390368 + 256 [CReadTestSeq]
  8,33  23      752     0.135273778 17091  C   R 390368 + 256 [0]
  8,33  23      753     0.135349986 17091  D   R 390624 + 256 [CReadTestSeq]
  8,33  23      754     0.135634994 17091  C   R 390624 + 256 [0]
  8,33  23      755     0.135703153 17091  D   R 390880 + 256 [CReadTestSeq]
  8,33  23      756     0.135981556 17091  C   R 390880 + 256 [0]
  8,33  23      757     0.136058028 17091  D   R 391136 + 256 [CReadTestSeq]
  8,33  23      758     0.136335366 17091  C   R 391136 + 256 [0]
  8,33  23      759     0.136409896 17091  D   R 391392 + 256 [CReadTestSeq]
  8,33  23      760     0.136690098 17091  C   R 391392 + 256 [0]
  8,33  23      761     0.136761864 17091  D   R 391648 + 256 [CReadTestSeq]
  8,33  23      762     0.137042464 17091  C   R 391648 + 256 [0]
  8,33  23      763     0.137113497 17091  D   R 391904 + 256 [CReadTestSeq]
  8,33  23      764     0.137391466 17091  C   R 391904 + 256 [0]
  8,33  23      765     0.137465210 17091  D   R 392160 + 256 [CReadTestSeq]
  8,33  23      766     0.137743956 17091  C   R 392160 + 256 [0]
  8,33  23      767     0.137816239 17091  D   R 392416 + 256 [CReadTestSeq]
  8,33  23      768     0.138095162 17091  C   R 392416 + 256 [0]
  8,33  23      769     0.138169532 17091  D   R 392672 + 256 [CReadTestSeq]
  8,33  23      770     0.138446910 17091  C   R 392672 + 256 [0]
  8,33  23      771     0.138521044 17091  D   R 392928 + 256 [CReadTestSeq]
  8,33  23      772     0.138802213 17091  C   R 392928 + 256 [0]
  8,33  23      773     0.138876570 17091  D   R 393184 + 256 [CReadTestSeq]
  8,33  23      774     0.139154327 17091  C   R 393184 + 256 [0]
  8,33  23      775     0.139228265 17091  D   R 393440 + 256 [CReadTestSeq]
  8,33  23      776     0.139506061 17091  C   R 393440 + 256 [0]
  8,33  23      777     0.139582566 17091  D   R 393696 + 256 [CReadTestSeq]
  8,33  23      778     0.139863979 17091  C   R 393696 + 256 [0]
  8,33  23      779     0.139935287 17091  D   R 393952 + 256 [CReadTestSeq]
  8,33  23      780     0.140213682 17091  C   R 393952 + 256 [0]
  8,33  23      781     0.140287189 17091  D   R 394208 + 256 [CReadTestSeq]
  8,33  23      782     0.140564951 17091  C   R 394208 + 256 [0]
  8,33  23      783     0.140638558 17091  D   R 394464 + 256 [CReadTestSeq]
  8,33  23      784     0.140919421 17091  C   R 394464 + 256 [0]
  8,33  23      785     0.140988382 17091  D   R 394720 + 256 [CReadTestSeq]
  8,33  23      786     0.141269692 17091  C   R 394720 + 256 [0]
  8,33  23      787     0.141338359 17091  D   R 394976 + 256 [CReadTestSeq]
  8,33  23      788     0.141685209 17091  D   R 395232 + 256 [CReadTestSeq]
  8,33  23      789     0.141931692     0  C   R 394976 + 256 [0]
  8,33  23      790     0.142210525 17091  C   R 395232 + 256 [0]
  8,33  23      791     0.142286434 17091  D   R 395488 + 256 [CReadTestSeq]
  8,33  23      792     0.142564656 17091  C   R 395488 + 256 [0]
  8,33  23      793     0.142636517 17091  D   R 395744 + 256 [CReadTestSeq]
  8,33  23      794     0.142916926 17091  C   R 395744 + 256 [0]
  8,33  23      795     0.142986848 17091  D   R 396000 + 256 [CReadTestSeq]
  8,33  23      796     0.143266205 17091  C   R 396000 + 256 [0]
  8,33  23      797     0.143342722 17091  D   R 396256 + 256 [CReadTestSeq]
  8,33  23      798     0.143634382 17091  C   R 396256 + 256 [0]
  8,33  23      799     0.143694303 17091  D   R 396512 + 256 [CReadTestSeq]
  8,33  23      800     0.143973095 17091  C   R 396512 + 256 [0]
  8,33  23      801     0.144058243 17091  D   R 396768 + 256 [CReadTestSeq]
  8,33  23      802     0.144335760 17091  C   R 396768 + 256 [0]
  8,33  23      803     0.144408908 17091  D   R 397024 + 256 [CReadTestSeq]
  8,33  23      804     0.144688533 17091  C   R 397024 + 256 [0]
  8,33  23      805     0.144758600 17091  D   R 397280 + 256 [CReadTestSeq]
  8,33  23      806     0.145036253 17091  C   R 397280 + 256 [0]
  8,33  23      807     0.145109173 17091  D   R 397536 + 256 [CReadTestSeq]
  8,33  23      808     0.145386883 17091  C   R 397536 + 256 [0]
  8,33  23      809     0.145459766 17091  D   R 397792 + 256 [CReadTestSeq]
  8,33  23      810     0.145740627 17091  C   R 397792 + 256 [0]
  8,33  23      811     0.145810755 17091  D   R 398048 + 256 [CReadTestSeq]
  8,33  23      812     0.146090079 17091  C   R 398048 + 256 [0]
  8,33  23      813     0.146161423 17091  D   R 398304 + 256 [CReadTestSeq]
  8,33  23      814     0.146439983 17091  C   R 398304 + 256 [0]
  8,33  23      815     0.146511312 17091  D   R 398560 + 256 [CReadTestSeq]
  8,33  23      816     0.146792902 17091  C   R 398560 + 256 [0]
  8,33  23      817     0.146860670 17091  D   R 398816 + 256 [CReadTestSeq]
  8,33  23      818     0.147138636 17091  C   R 398816 + 256 [0]
  8,33  23      819     0.147210464 17091  D   R 399072 + 256 [CReadTestSeq]
  8,33  23      820     0.147488286 17091  C   R 399072 + 256 [0]
  8,33  23      821     0.147564416 17091  D   R 399328 + 256 [CReadTestSeq]
  8,33  23      822     0.147844603 17091  C   R 399328 + 256 [0]
  8,33  23      823     0.147913674 17091  D   R 399584 + 256 [CReadTestSeq]
  8,33  23      824     0.148191725 17091  C   R 399584 + 256 [0]
  8,33  23      825     0.148263727 17091  D   R 399840 + 256 [CReadTestSeq]
  8,33  23      826     0.148540971 17091  C   R 399840 + 256 [0]
  8,33  23      827     0.148614067 17091  D   R 400096 + 256 [CReadTestSeq]
  8,33  23      828     0.148893200 17091  C   R 400096 + 256 [0]
  8,33  23      829     0.148964736 17091  D   R 400352 + 256 [CReadTestSeq]
  8,33  23      830     0.149243548 17091  C   R 400352 + 256 [0]
  8,33  23      831     0.149314163 17091  D   R 400608 + 256 [CReadTestSeq]
  8,33  23      832     0.149592234 17091  C   R 400608 + 256 [0]
  8,33  23      833     0.149664159 17091  D   R 400864 + 256 [CReadTestSeq]
  8,33  23      834     0.149944548 17091  C   R 400864 + 256 [0]
  8,33  23      835     0.150015817 17091  D   R 401120 + 256 [CReadTestSeq]
  8,33  23      836     0.150295220 17091  C   R 401120 + 256 [0]
  8,33  23      837     0.150365946 17091  D   R 401376 + 256 [CReadTestSeq]
  8,33  23      838     0.150647102 17091  C   R 401376 + 256 [0]
  8,33  23      839     0.150715333 17091  D   R 401632 + 256 [CReadTestSeq]
  8,33  23      840     0.150994038 17091  C   R 401632 + 256 [0]
  8,33  23      841     0.151065855 17091  D   R 401888 + 256 [CReadTestSeq]
  8,33  23      842     0.151343491 17091  C   R 401888 + 256 [0]
  8,33  23      843     0.151417464 17091  D   R 402144 + 256 [CReadTestSeq]
  8,33  23      844     0.151697273 17091  C   R 402144 + 256 [0]
  8,33  23      845     0.151767877 17091  D   R 402400 + 256 [CReadTestSeq]
  8,33  23      846     0.152046330 17091  C   R 402400 + 256 [0]
  8,33  23      847     0.152117912 17091  D   R 402656 + 256 [CReadTestSeq]
  8,33  23      848     0.152395319 17091  C   R 402656 + 256 [0]
  8,33  23      849     0.152466987 17091  D   R 402912 + 256 [CReadTestSeq]
  8,33  23      850     0.152746775 17091  C   R 402912 + 256 [0]
  8,33  23      851     0.152818000 17091  D   R 403168 + 256 [CReadTestSeq]
  8,33  23      852     0.153095600 17091  C   R 403168 + 256 [0]
  8,33  23      853     0.153167829 17091  D   R 403424 + 256 [CReadTestSeq]
  8,33  23      854     0.153445890 17091  C   R 403424 + 256 [0]
  8,33  23      855     0.153517648 17091  D   R 403680 + 256 [CReadTestSeq]
  8,33  23      856     0.153799628 17091  C   R 403680 + 256 [0]
  8,33  23      857     0.153882481 17091  D   R 403936 + 256 [CReadTestSeq]
  8,33  23      858     0.154159911 17091  C   R 403936 + 256 [0]
  8,33  23      859     0.154233025 17091  D   R 404192 + 256 [CReadTestSeq]
  8,33  23      860     0.154510959 17091  C   R 404192 + 256 [0]
  8,33  23      861     0.154582439 17091  D   R 404448 + 256 [CReadTestSeq]
  8,33  23      862     0.154864427 17091  C   R 404448 + 256 [0]
  8,33  23      863     0.154931824 17091  D   R 404704 + 256 [CReadTestSeq]
  8,33  23      864     0.155211326 17091  C   R 404704 + 256 [0]
  8,33  23      865     0.155286141 17091  D   R 404960 + 256 [CReadTestSeq]
  8,33  23      866     0.155563671 17091  C   R 404960 + 256 [0]
  8,33  23      867     0.155676905 17091  D   R 405216 + 256 [CReadTestSeq]
  8,33  23      868     0.155957663 17091  C   R 405216 + 256 [0]
  8,33  23      869     0.156026672 17091  D   R 405472 + 256 [CReadTestSeq]
  8,33  23      870     0.156305914 17091  C   R 405472 + 256 [0]
  8,33  23      871     0.156376042 17091  D   R 405728 + 256 [CReadTestSeq]
  8,33  23      872     0.156656709 17091  C   R 405728 + 256 [0]
  8,33  23      873     0.156725790 17091  D   R 405984 + 256 [CReadTestSeq]
  8,33  23      874     0.157003412 17091  C   R 405984 + 256 [0]
  8,33  23      875     0.157075844 17091  D   R 406240 + 256 [CReadTestSeq]
  8,33  23      876     0.157353626 17091  C   R 406240 + 256 [0]
  8,33  23      877     0.157425299 17091  D   R 406496 + 256 [CReadTestSeq]
  8,33  23      878     0.157704843 17091  C   R 406496 + 256 [0]
  8,33  23      879     0.157776623 17091  D   R 406752 + 256 [CReadTestSeq]
  8,33  23      880     0.158055092 17091  C   R 406752 + 256 [0]
  8,33  23      881     0.158125940 17091  D   R 407008 + 256 [CReadTestSeq]
  8,33  23      882     0.158403300 17091  C   R 407008 + 256 [0]
  8,33  23      883     0.158474348 17091  D   R 407264 + 256 [CReadTestSeq]
  8,33  23      884     0.158753979 17091  C   R 407264 + 256 [0]
  8,33  23      885     0.158824010 17091  D   R 407520 + 256 [CReadTestSeq]
  8,33  23      886     0.159102265 17091  C   R 407520 + 256 [0]
  8,33  23      887     0.159173539 17091  D   R 407776 + 256 [CReadTestSeq]
  8,33  23      888     0.159450551 17091  C   R 407776 + 256 [0]
  8,33  23      889     0.159525697 17091  D   R 408032 + 256 [CReadTestSeq]
  8,33  23      890     0.159804879 17091  C   R 408032 + 256 [0]
  8,33  23      891     0.159875916 17091  D   R 408288 + 256 [CReadTestSeq]
  8,33  23      892     0.160153057 17091  C   R 408288 + 256 [0]
  8,33  23      893     0.160225557 17091  D   R 408544 + 256 [CReadTestSeq]
  8,33  23      894     0.160503037 17091  C   R 408544 + 256 [0]
  8,33  23      895     0.160604716 17091  D   R 408800 + 256 [CReadTestSeq]
  8,33  23      896     0.160888512 17091  C   R 408800 + 256 [0]
  8,33  23      897     0.161065618 17091  D   R 409056 + 256 [CReadTestSeq]
  8,33  23      898     0.161344608 17091  C   R 409056 + 256 [0]
  8,33  23      899     0.161449218 17091  D   R 409312 + 256 [CReadTestSeq]
  8,33  23      900     0.161728497 17091  C   R 409312 + 256 [0]
  8,33  23      901     0.161799436 17091  D   R 409568 + 256 [CReadTestSeq]
  8,33  23      902     0.162077844 17091  C   R 409568 + 256 [0]
  8,33  23      903     0.162149484 17091  D   R 409824 + 256 [CReadTestSeq]
  8,33  23      904     0.162426475 17091  C   R 409824 + 256 [0]
  8,33  23      905     0.162499464 17091  D   R 410080 + 256 [CReadTestSeq]
  8,33  23      906     0.162780135 17091  C   R 410080 + 256 [0]
  8,33  23      907     0.162850066 17091  D   R 410336 + 256 [CReadTestSeq]
  8,33  23      908     0.163129402 17091  C   R 410336 + 256 [0]
  8,33  23      909     0.163200042 17091  D   R 410592 + 256 [CReadTestSeq]
  8,33  23      910     0.163477654 17091  C   R 410592 + 256 [0]
  8,33  23      911     0.163554749 17091  D   R 410848 + 256 [CReadTestSeq]
  8,33  23      912     0.163834546 17091  C   R 410848 + 256 [0]
  8,33  23      913     0.163904445 17091  D   R 411104 + 256 [CReadTestSeq]
  8,33  23      914     0.164189274 17091  C   R 411104 + 256 [0]
  8,33  23      915     0.164269501 17091  D   R 411360 + 256 [CReadTestSeq]
  8,33  23      916     0.164546574 17091  C   R 411360 + 256 [0]
  8,33  23      917     0.164618871 17091  D   R 411616 + 256 [CReadTestSeq]
  8,33  23      918     0.164897695 17091  C   R 411616 + 256 [0]
  8,33  23      919     0.164974234 17091  D   R 411872 + 256 [CReadTestSeq]
  8,33  23      920     0.165254595 17091  C   R 411872 + 256 [0]
  8,33  23      921     0.165324408 17091  D   R 412128 + 256 [CReadTestSeq]
  8,33  23      922     0.165602126 17091  C   R 412128 + 256 [0]
  8,33  23      923     0.165674593 17091  D   R 412384 + 256 [CReadTestSeq]
  8,33  23      924     0.165954437 17091  C   R 412384 + 256 [0]
  8,33  23      925     0.166023823 17091  D   R 412640 + 256 [CReadTestSeq]
  8,33  23      926     0.166301824 17091  C   R 412640 + 256 [0]
  8,33  23      927     0.166373840 17091  D   R 412896 + 256 [CReadTestSeq]
  8,33  23      928     0.166653342 17091  C   R 412896 + 256 [0]
  8,33  23      929     0.166725033 17091  D   R 413152 + 256 [CReadTestSeq]
  8,33  23      930     0.167003988 17091  C   R 413152 + 256 [0]
  8,33  23      931     0.167073043 17091  D   R 413408 + 256 [CReadTestSeq]
  8,33  23      932     0.167350815 17091  C   R 413408 + 256 [0]
  8,33  23      933     0.167431796 17091  D   R 413664 + 256 [CReadTestSeq]
  8,33  23      934     0.167712610 17091  C   R 413664 + 256 [0]
  8,33  23      935     0.167792467 17091  D   R 413920 + 256 [CReadTestSeq]
  8,33  23      936     0.168071068 17091  C   R 413920 + 256 [0]
  8,33  23      937     0.168145210 17091  D   R 414176 + 256 [CReadTestSeq]
  8,33  23      938     0.168423122 17091  C   R 414176 + 256 [0]
  8,33  23      939     0.168495538 17091  D   R 414432 + 256 [CReadTestSeq]
  8,33  23      940     0.168773905 17091  C   R 414432 + 256 [0]
  8,33  23      941     0.168845660 17091  D   R 414688 + 256 [CReadTestSeq]
  8,33  23      942     0.169124011 17091  C   R 414688 + 256 [0]
  8,33  23      943     0.169196717 17091  D   R 414944 + 256 [CReadTestSeq]
  8,33  23      944     0.169474362 17091  C   R 414944 + 256 [0]
  8,33  23      945     0.169547452 17091  D   R 415200 + 256 [CReadTestSeq]
  8,33  23      946     0.169826829 17091  C   R 415200 + 256 [0]
  8,33  23      947     0.169897295 17091  D   R 415456 + 256 [CReadTestSeq]
  8,33  23      948     0.170176215 17091  C   R 415456 + 256 [0]
  8,33  23      949     0.170247363 17091  D   R 415712 + 256 [CReadTestSeq]
  8,33  23      950     0.170524985 17091  C   R 415712 + 256 [0]
  8,33  23      951     0.170597338 17091  D   R 415968 + 256 [CReadTestSeq]
  8,33  23      952     0.170878650 17091  C   R 415968 + 256 [0]
  8,33  23      953     0.170947290 17091  D   R 416224 + 256 [CReadTestSeq]
  8,33  23      954     0.171225544 17091  C   R 416224 + 256 [0]
  8,33  23      955     0.171298677 17091  D   R 416480 + 256 [CReadTestSeq]
  8,33  23      956     0.171576501 17091  C   R 416480 + 256 [0]
  8,33  23      957     0.171652080 17091  D   R 416736 + 256 [CReadTestSeq]
  8,33  23      958     0.171933676 17091  C   R 416736 + 256 [0]
  8,33  23      959     0.172002327 17091  D   R 416992 + 256 [CReadTestSeq]
  8,33  23      960     0.172281258 17091  C   R 416992 + 256 [0]
  8,33  23      961     0.172351679 17091  D   R 417248 + 256 [CReadTestSeq]
  8,33  23      962     0.172640805 17091  C   R 417248 + 256 [0]
  8,33  23      963     0.172701449 17091  D   R 417504 + 256 [CReadTestSeq]
  8,33  23      964     0.172980233 17091  C   R 417504 + 256 [0]
  8,33  23      965     0.173052639 17091  D   R 417760 + 256 [CReadTestSeq]
  8,33  23      966     0.173331018 17091  C   R 417760 + 256 [0]
  8,33  23      967     0.173402690 17091  D   R 418016 + 256 [CReadTestSeq]
  8,33  23      968     0.173681956 17091  C   R 418016 + 256 [0]
  8,33  23      969     0.173752559 17091  D   R 418272 + 256 [CReadTestSeq]
  8,33  23      970     0.174031254 17091  C   R 418272 + 256 [0]
  8,33  23      971     0.174117640 17091  D   R 418528 + 256 [CReadTestSeq]
  8,33  23      972     0.174396192 17091  C   R 418528 + 256 [0]
  8,33  23      973     0.174467551 17091  D   R 418784 + 256 [CReadTestSeq]
  8,33  23      974     0.174746653 17091  C   R 418784 + 256 [0]
  8,33  23      975     0.174817009 17091  D   R 419040 + 256 [CReadTestSeq]
  8,33  23      976     0.175099304 17091  C   R 419040 + 256 [0]
  8,33  23      977     0.175166583 17091  D   R 419296 + 256 [CReadTestSeq]
  8,33  23      978     0.175443885 17091  C   R 419296 + 256 [0]
  8,33  23      979     0.175518490 17091  D   R 419552 + 256 [CReadTestSeq]
  8,33  23      980     0.175799627 17091  C   R 419552 + 256 [0]
  8,33  23      981     0.175868330 17091  D   R 419808 + 256 [CReadTestSeq]
  8,33  23      982     0.176146231 17091  C   R 419808 + 256 [0]
  8,33  23      983     0.176217435 17091  D   R 420064 + 256 [CReadTestSeq]
  8,33  23      984     0.176494397 17091  C   R 420064 + 256 [0]
  8,33  23      985     0.176567196 17091  D   R 420320 + 256 [CReadTestSeq]
  8,33  23      986     0.176845728 17091  C   R 420320 + 256 [0]
  8,33  23      987     0.176916679 17091  D   R 420576 + 256 [CReadTestSeq]
  8,33  23      988     0.177194779 17091  C   R 420576 + 256 [0]
  8,33  23      989     0.177265909 17091  D   R 420832 + 256 [CReadTestSeq]
  8,33  23      990     0.177545833 17091  C   R 420832 + 256 [0]
  8,33  23      991     0.177615764 17091  D   R 421088 + 256 [CReadTestSeq]
  8,33  23      992     0.177896073 17091  C   R 421088 + 256 [0]
  8,33  23      993     0.177965353 17091  D   R 421344 + 256 [CReadTestSeq]
  8,33  23      994     0.178245291 17091  C   R 421344 + 256 [0]
  8,33  23      995     0.178314538 17091  D   R 421600 + 256 [CReadTestSeq]
  8,33  23      996     0.178592302 17091  C   R 421600 + 256 [0]
  8,33  23      997     0.178663777 17091  D   R 421856 + 256 [CReadTestSeq]
  8,33  23      998     0.178944769 17091  C   R 421856 + 256 [0]
  8,33  23      999     0.179013294 17091  D   R 422112 + 256 [CReadTestSeq]
  8,33  23     1000     0.179292587 17091  C   R 422112 + 256 [0]
  8,33  23     1001     0.179365478 17091  D   R 422368 + 256 [CReadTestSeq]
  8,33  23     1002     0.179646286 17091  C   R 422368 + 256 [0]
  8,33  23     1003     0.179715744 17091  D   R 422624 + 256 [CReadTestSeq]
  8,33  23     1004     0.179994390 17091  C   R 422624 + 256 [0]
  8,33  23     1005     0.180065217 17091  D   R 422880 + 256 [CReadTestSeq]
  8,33  23     1006     0.180343269 17091  C   R 422880 + 256 [0]
  8,33  23     1007     0.180414876 17091  D   R 423136 + 256 [CReadTestSeq]
  8,33  23     1008     0.180695079 17091  C   R 423136 + 256 [0]
  8,33  23     1009     0.180764508 17091  D   R 423392 + 256 [CReadTestSeq]
  8,33  23     1010     0.181042721 17091  C   R 423392 + 256 [0]
  8,33  23     1011     0.181113859 17091  D   R 423648 + 256 [CReadTestSeq]
  8,33  23     1012     0.181391985 17091  C   R 423648 + 256 [0]
  8,33  23     1013     0.181463646 17091  D   R 423904 + 256 [CReadTestSeq]
  8,33  23     1014     0.181746045 17091  C   R 423904 + 256 [0]
  8,33  23     1015     0.181812742 17091  D   R 424160 + 256 [CReadTestSeq]
  8,33  23     1016     0.182090320 17091  C   R 424160 + 256 [0]
  8,33  23     1017     0.182163859 17091  D   R 424416 + 256 [CReadTestSeq]
  8,33  23     1018     0.182441271 17091  C   R 424416 + 256 [0]
  8,33  23     1019     0.182514661 17091  D   R 424672 + 256 [CReadTestSeq]
  8,33  23     1020     0.182794640 17091  C   R 424672 + 256 [0]
  8,33  23     1021     0.182864274 17091  D   R 424928 + 256 [CReadTestSeq]
  8,33  23     1022     0.183143326 17091  C   R 424928 + 256 [0]
  8,33  23     1023     0.183213600 17091  D   R 425184 + 256 [CReadTestSeq]
  8,33  23     1024     0.183491916 17091  C   R 425184 + 256 [0]
  8,33  23     1025     0.183566513 17091  D   R 425440 + 256 [CReadTestSeq]
  8,33  23     1026     0.183845100 17091  C   R 425440 + 256 [0]
  8,33  23     1027     0.183916902 17091  D   R 425696 + 256 [CReadTestSeq]
  8,33  23     1028     0.184195869 17091  C   R 425696 + 256 [0]
  8,33  23     1029     0.184280700 17091  D   R 425952 + 256 [CReadTestSeq]
  8,33  23     1030     0.184559322 17091  C   R 425952 + 256 [0]
  8,33  23     1031     0.184629768 17091  D   R 426208 + 256 [CReadTestSeq]
  8,33  23     1032     0.184914811 17091  C   R 426208 + 256 [0]
  8,33  23     1033     0.184979989 17091  D   R 426464 + 256 [CReadTestSeq]
  8,33  23     1034     0.185256874 17091  C   R 426464 + 256 [0]
  8,33  23     1035     0.185331038 17091  D   R 426720 + 256 [CReadTestSeq]
  8,33  23     1036     0.185608446 17091  C   R 426720 + 256 [0]
  8,33  23     1037     0.185680310 17091  D   R 426976 + 256 [CReadTestSeq]
  8,33  23     1038     0.185960238 17091  C   R 426976 + 256 [0]
  8,33  23     1039     0.186029988 17091  D   R 427232 + 256 [CReadTestSeq]
  8,33  23     1040     0.186308114 17091  C   R 427232 + 256 [0]
  8,33  23     1041     0.186380381 17091  D   R 427488 + 256 [CReadTestSeq]
  8,33  23     1042     0.186659955 17091  C   R 427488 + 256 [0]
  8,33  23     1043     0.186729548 17091  D   R 427744 + 256 [CReadTestSeq]
  8,33  23     1044     0.187007723 17091  C   R 427744 + 256 [0]
  8,33  23     1045     0.187080293 17091  D   R 428000 + 256 [CReadTestSeq]
  8,33  23     1046     0.187358717 17091  C   R 428000 + 256 [0]
  8,33  23     1047     0.187431125 17091  D   R 428256 + 256 [CReadTestSeq]
  8,33  23     1048     0.187712329 17091  C   R 428256 + 256 [0]
  8,33  23     1049     0.187781358 17091  D   R 428512 + 256 [CReadTestSeq]
  8,33  23     1050     0.188059129 17091  C   R 428512 + 256 [0]
  8,33  23     1051     0.188130762 17091  D   R 428768 + 256 [CReadTestSeq]
  8,33  23     1052     0.188407455 17091  C   R 428768 + 256 [0]
  8,33  23     1053     0.188479946 17091  D   R 429024 + 256 [CReadTestSeq]
  8,33  23     1054     0.188760142 17091  C   R 429024 + 256 [0]
  8,33  23     1055     0.188829509 17091  D   R 429280 + 256 [CReadTestSeq]
  8,33  23     1056     0.189107256 17091  C   R 429280 + 256 [0]
  8,33  23     1057     0.189178315 17091  D   R 429536 + 256 [CReadTestSeq]
  8,33  23     1058     0.189455204 17091  C   R 429536 + 256 [0]
  8,33  23     1059     0.189527233 17091  D   R 429792 + 256 [CReadTestSeq]
  8,33  23     1060     0.189806269 17091  C   R 429792 + 256 [0]
  8,33  23     1061     0.189876482 17091  D   R 430048 + 256 [CReadTestSeq]
  8,33  23     1062     0.190154459 17091  C   R 430048 + 256 [0]
  8,33  23     1063     0.190225754 17091  D   R 430304 + 256 [CReadTestSeq]
  8,33  23     1064     0.190503793 17091  C   R 430304 + 256 [0]
  8,33  23     1065     0.190574367 17091  D   R 430560 + 256 [CReadTestSeq]
  8,33  23     1066     0.190854658 17091  C   R 430560 + 256 [0]
  8,33  23     1067     0.190923707 17091  D   R 430816 + 256 [CReadTestSeq]
  8,33  23     1068     0.191202825 17091  C   R 430816 + 256 [0]
  8,33  23     1069     0.191273664 17091  D   R 431072 + 256 [CReadTestSeq]
  8,33  23     1070     0.191551571 17091  C   R 431072 + 256 [0]
  8,33  23     1071     0.191624792 17091  D   R 431328 + 256 [CReadTestSeq]
  8,33  23     1072     0.191905178 17091  C   R 431328 + 256 [0]
  8,33  23     1073     0.191973434 17091  D   R 431584 + 256 [CReadTestSeq]
  8,33  23     1074     0.192252154 17091  C   R 431584 + 256 [0]
  8,33  23     1075     0.192322321 17091  D   R 431840 + 256 [CReadTestSeq]
  8,33  23     1076     0.192600263 17091  C   R 431840 + 256 [0]
  8,33  23     1077     0.192673555 17091  D   R 432096 + 256 [CReadTestSeq]
  8,33  23     1078     0.192954455 17091  C   R 432096 + 256 [0]
  8,33  23     1079     0.193025297 17091  D   R 432352 + 256 [CReadTestSeq]
  8,33  23     1080     0.193304739 17091  C   R 432352 + 256 [0]
  8,33  23     1081     0.193374937 17091  D   R 432608 + 256 [CReadTestSeq]
  8,33  23     1082     0.193656879 17091  C   R 432608 + 256 [0]
  8,33  23     1083     0.193724411 17091  D   R 432864 + 256 [CReadTestSeq]
  8,33  23     1084     0.194002848 17091  C   R 432864 + 256 [0]
  8,33  23     1085     0.194074321 17091  D   R 433120 + 256 [CReadTestSeq]
  8,33  23     1086     0.194352006 17091  C   R 433120 + 256 [0]
  8,33  23     1087     0.194424174 17091  D   R 433376 + 256 [CReadTestSeq]
  8,33  23     1088     0.194706079 17091  C   R 433376 + 256 [0]
  8,33  23     1089     0.194773341 17091  D   R 433632 + 256 [CReadTestSeq]
  8,33  23     1090     0.195052724 17091  C   R 433632 + 256 [0]
  8,33  23     1091     0.195122637 17091  D   R 433888 + 256 [CReadTestSeq]
  8,33  23     1092     0.195400419 17091  C   R 433888 + 256 [0]
  8,33  23     1093     0.195474962 17091  D   R 434144 + 256 [CReadTestSeq]
  8,33  23     1094     0.195758181 17091  C   R 434144 + 256 [0]
  8,33  23     1095     0.195824504 17091  D   R 434400 + 256 [CReadTestSeq]
  8,33  23     1096     0.196103872 17091  C   R 434400 + 256 [0]
  8,33  23     1097     0.196174725 17091  D   R 434656 + 256 [CReadTestSeq]
  8,33  23     1098     0.196453071 17091  C   R 434656 + 256 [0]
  8,33  23     1099     0.196523706 17091  D   R 434912 + 256 [CReadTestSeq]
  8,33  23     1100     0.196804585 17091  C   R 434912 + 256 [0]
  8,33  23     1101     0.196872474 17091  D   R 435168 + 256 [CReadTestSeq]
  8,33  23     1102     0.197149879 17091  C   R 435168 + 256 [0]
  8,33  23     1103     0.197223018 17091  D   R 435424 + 256 [CReadTestSeq]
  8,33  23     1104     0.197500205 17091  C   R 435424 + 256 [0]
  8,33  23     1105     0.197572715 17091  D   R 435680 + 256 [CReadTestSeq]
  8,33  23     1106     0.197853126 17091  C   R 435680 + 256 [0]
  8,33  23     1107     0.197922190 17091  D   R 435936 + 256 [CReadTestSeq]
  8,33  23     1108     0.198199926 17091  C   R 435936 + 256 [0]
  8,33  23     1109     0.198270089 17091  D   R 436192 + 256 [CReadTestSeq]
  8,33  23     1110     0.198547848 17091  C   R 436192 + 256 [0]
  8,33  23     1111     0.198622361 17091  D   R 436448 + 256 [CReadTestSeq]
  8,33  23     1112     0.198903126 17091  C   R 436448 + 256 [0]
  8,33  23     1113     0.198978567 17091  D   R 436704 + 256 [CReadTestSeq]
  8,33  23     1114     0.199257601 17091  C   R 436704 + 256 [0]
  8,33  23     1115     0.199331492 17091  D   R 436960 + 256 [CReadTestSeq]
  8,33  23     1116     0.199608828 17091  C   R 436960 + 256 [0]
  8,33  23     1117     0.199681197 17091  D   R 437216 + 256 [CReadTestSeq]
  8,33  23     1118     0.199960847 17091  C   R 437216 + 256 [0]
  8,33  23     1119     0.200030407 17091  D   R 437472 + 256 [CReadTestSeq]
  8,33  23     1120     0.200311444 17091  C   R 437472 + 256 [0]
  8,33  23     1121     0.200379650 17091  D   R 437728 + 256 [CReadTestSeq]
  8,33  23     1122     0.200663444 17091  C   R 437728 + 256 [0]
  8,33  23     1123     0.200729286 17091  D   R 437984 + 256 [CReadTestSeq]
  8,33  23     1124     0.201007802 17091  C   R 437984 + 256 [0]
  8,33  23     1125     0.201078935 17091  D   R 438240 + 256 [CReadTestSeq]
  8,33  23     1126     0.201356636 17091  C   R 438240 + 256 [0]
  8,33  23     1127     0.201428949 17091  D   R 438496 + 256 [CReadTestSeq]
  8,33  23     1128     0.201709692 17091  C   R 438496 + 256 [0]
  8,33  23     1129     0.201778329 17091  D   R 438752 + 256 [CReadTestSeq]
  8,33  23     1130     0.202056908 17091  C   R 438752 + 256 [0]
  8,33  23     1131     0.202127432 17091  D   R 439008 + 256 [CReadTestSeq]
  8,33  23     1132     0.202405281 17091  C   R 439008 + 256 [0]
  8,33  23     1133     0.202477844 17091  D   R 439264 + 256 [CReadTestSeq]
  8,33  23     1134     0.202760628 17091  C   R 439264 + 256 [0]
  8,33  23     1135     0.202826839 17091  D   R 439520 + 256 [CReadTestSeq]
  8,33  23     1136     0.203105782 17091  C   R 439520 + 256 [0]
  8,33  23     1137     0.203176735 17091  D   R 439776 + 256 [CReadTestSeq]
  8,33  23     1138     0.203527105 17091  D   R 440032 + 256 [CReadTestSeq]
  8,33  23     1139     0.203851344     0  C   R 439776 + 256 [0]
  8,33  23     1140     0.204162469 17091  C   R 440032 + 256 [0]
  8,33  23     1141     0.204205495 17091  D   R 440288 + 256 [CReadTestSeq]
  8,33  23     1142     0.204483856 17091  C   R 440288 + 256 [0]
  8,33  23     1143     0.204555520 17091  D   R 440544 + 256 [CReadTestSeq]
  8,33  23     1144     0.204835091 17091  C   R 440544 + 256 [0]
  8,33  23     1145     0.204904575 17091  D   R 440800 + 256 [CReadTestSeq]
  8,33  23     1146     0.205182727 17091  C   R 440800 + 256 [0]
  8,33  23     1147     0.205254654 17091  D   R 441056 + 256 [CReadTestSeq]
  8,33  23     1148     0.205532762 17091  C   R 441056 + 256 [0]
  8,33  23     1149     0.205603767 17091  D   R 441312 + 256 [CReadTestSeq]
  8,33  23     1150     0.205883205 17091  C   R 441312 + 256 [0]
  8,33  23     1151     0.205952959 17091  D   R 441568 + 256 [CReadTestSeq]
  8,33  23     1152     0.206229904 17091  C   R 441568 + 256 [0]
  8,33  23     1153     0.206302800 17091  D   R 441824 + 256 [CReadTestSeq]
  8,33  23     1154     0.206579893 17091  C   R 441824 + 256 [0]
  8,33  23     1155     0.206652303 17091  D   R 442080 + 256 [CReadTestSeq]
  8,33  23     1156     0.206932285 17091  C   R 442080 + 256 [0]
  8,33  23     1157     0.207001012 17091  D   R 442336 + 256 [CReadTestSeq]
  8,33  23     1158     0.207280144 17091  C   R 442336 + 256 [0]
  8,33  23     1159     0.207355176 17091  D   R 442592 + 256 [CReadTestSeq]
  8,33  23     1160     0.207642916 17091  C   R 442592 + 256 [0]
  8,33  23     1161     0.207704007 17091  D   R 442848 + 256 [CReadTestSeq]
  8,33  23     1162     0.207982416 17091  C   R 442848 + 256 [0]
  8,33  23     1163     0.208053587 17091  D   R 443104 + 256 [CReadTestSeq]
  8,33  23     1164     0.208330495 17091  C   R 443104 + 256 [0]
  8,33  23     1165     0.208402122 17091  D   R 443360 + 256 [CReadTestSeq]
  8,33  23     1166     0.208684455 17091  C   R 443360 + 256 [0]
  8,33  23     1167     0.208751860 17091  D   R 443616 + 256 [CReadTestSeq]
  8,33  23     1168     0.209030778 17091  C   R 443616 + 256 [0]
  8,33  23     1169     0.209100526 17091  D   R 443872 + 256 [CReadTestSeq]
  8,33  23     1170     0.209377488 17091  C   R 443872 + 256 [0]
  8,33  23     1171     0.209449858 17091  D   R 444128 + 256 [CReadTestSeq]
  8,33  23     1172     0.209730148 17091  C   R 444128 + 256 [0]
  8,33  23     1173     0.209799394 17091  D   R 444384 + 256 [CReadTestSeq]
  8,33  23     1174     0.210077366 17091  C   R 444384 + 256 [0]
  8,33  23     1175     0.210149265 17091  D   R 444640 + 256 [CReadTestSeq]
  8,33  23     1176     0.210426929 17091  C   R 444640 + 256 [0]
  8,33  23     1177     0.210499163 17091  D   R 444896 + 256 [CReadTestSeq]
  8,33  23     1178     0.210780909 17091  C   R 444896 + 256 [0]
  8,33  23     1179     0.210903652 17091  D   R 445152 + 256 [CReadTestSeq]
  8,33  23     1180     0.211182269 17091  C   R 445152 + 256 [0]
  8,33  23     1181     0.211372750 17091  D   R 445408 + 256 [CReadTestSeq]
  8,33  23     1182     0.211653032 17091  C   R 445408 + 256 [0]
  8,33  23     1183     0.211724011 17091  D   R 445664 + 256 [CReadTestSeq]
  8,33  23     1184     0.212003883 17091  C   R 445664 + 256 [0]
  8,33  23     1185     0.212074003 17091  D   R 445920 + 256 [CReadTestSeq]
  8,33  23     1186     0.212355427 17091  C   R 445920 + 256 [0]
  8,33  23     1187     0.212423718 17091  D   R 446176 + 256 [CReadTestSeq]
  8,33  23     1188     0.212704293 17091  C   R 446176 + 256 [0]
  8,33  23     1189     0.212772762 17091  D   R 446432 + 256 [CReadTestSeq]
  8,33  23     1190     0.213051806 17091  C   R 446432 + 256 [0]
  8,33  23     1191     0.213121764 17091  D   R 446688 + 256 [CReadTestSeq]
  8,33  23     1192     0.213399814 17091  C   R 446688 + 256 [0]
  8,33  23     1193     0.213471310 17091  D   R 446944 + 256 [CReadTestSeq]
  8,33  23     1194     0.213751257 17091  C   R 446944 + 256 [0]
  8,33  23     1195     0.213820526 17091  D   R 447200 + 256 [CReadTestSeq]
  8,33  23     1196     0.214098537 17091  C   R 447200 + 256 [0]
  8,33  23     1197     0.214169284 17091  D   R 447456 + 256 [CReadTestSeq]
  8,33  23     1198     0.214445903 17091  C   R 447456 + 256 [0]
  8,33  23     1199     0.214520979 17091  D   R 447712 + 256 [CReadTestSeq]
  8,33  23     1200     0.214802358 17091  C   R 447712 + 256 [0]
  8,33  23     1201     0.214870407 17091  D   R 447968 + 256 [CReadTestSeq]
  8,33  23     1202     0.215148909 17091  C   R 447968 + 256 [0]
  8,33  23     1203     0.215219752 17091  D   R 448224 + 256 [CReadTestSeq]
  8,33  23     1204     0.215497600 17091  C   R 448224 + 256 [0]
  8,33  23     1205     0.215572801 17091  D   R 448480 + 256 [CReadTestSeq]
  8,33  23     1206     0.215853211 17091  C   R 448480 + 256 [0]
  8,33  23     1207     0.215923405 17091  D   R 448736 + 256 [CReadTestSeq]
  8,33  23     1208     0.216201947 17091  C   R 448736 + 256 [0]
  8,33  23     1209     0.216273078 17091  D   R 448992 + 256 [CReadTestSeq]
  8,33  23     1210     0.216551572 17091  C   R 448992 + 256 [0]
  8,33  23     1211     0.216622729 17091  D   R 449248 + 256 [CReadTestSeq]
  8,33  23     1212     0.216902782 17091  C   R 449248 + 256 [0]
  8,33  23     1213     0.216972749 17091  D   R 449504 + 256 [CReadTestSeq]
  8,33  23     1214     0.217249971 17091  C   R 449504 + 256 [0]
  8,33  23     1215     0.217322299 17091  D   R 449760 + 256 [CReadTestSeq]
  8,33  23     1216     0.217598728 17091  C   R 449760 + 256 [0]
  8,33  23     1217     0.217671581 17091  D   R 450016 + 256 [CReadTestSeq]
  8,33  23     1218     0.217951480 17091  C   R 450016 + 256 [0]
  8,33  23     1219     0.218021893 17091  D   R 450272 + 256 [CReadTestSeq]
  8,33  23     1220     0.218300748 17091  C   R 450272 + 256 [0]
  8,33  23     1221     0.218372694 17091  D   R 450528 + 256 [CReadTestSeq]
  8,33  23     1222     0.218652463 17091  C   R 450528 + 256 [0]
  8,33  23     1223     0.218721759 17091  D   R 450784 + 256 [CReadTestSeq]
  8,33  23     1224     0.219001784 17091  C   R 450784 + 256 [0]
  8,33  23     1225     0.219071211 17091  D   R 451040 + 256 [CReadTestSeq]
  8,33  23     1226     0.219348700 17091  C   R 451040 + 256 [0]
  8,33  23     1227     0.219423505 17091  D   R 451296 + 256 [CReadTestSeq]
  8,33  23     1228     0.219704326     0  C   R 451296 + 256 [0]
  8,33   7        1     0.260239774    58  C  WS 0 [0]
  8,33   7        2     0.260245602 17092  D WSM 17160 + 8 [sync]
  8,33   7        3     0.260282168 17092  C WSM 17160 + 8 [0]
  8,33  20        1     0.244181423 17036  D  WS 1065064 + 16 [jbd2/sdc1-8]
  8,33  20        2     0.244279358     0  C  WS 1065064 + 16 [0]
  8,33  20        3     0.244296901   150  D WFS 1065080 + 8 [ksoftirqd/20]
  8,33  20        4     0.244324673     0  C WFS 1065080 + 8 [0]
  8,33  20        5     0.244325017     0  C WFS 1065080 [0]
  8,33   7        4     0.311756634    58  C  WS 0 [0]
  8,33   3        1     0.358868658 17096  D   R 17040 + 8 [dumpe2fs]
  8,33   3        2     0.358980705     0  C   R 17040 + 8 [0]
  8,33   3        3     0.358996022 17096  D   R 17048 + 24 [dumpe2fs]
  8,33   3        4     0.359116476     0  C   R 17048 + 24 [0]
  8,33   3        5     0.359138242 17096  D   R 16928 + 32 [dumpe2fs]
  8,33   3        6     0.359265513     0  C   R 16928 + 32 [0]
  8,33   3        7     0.359281371 17096  D   R 17072 + 32 [dumpe2fs]
  8,33   3        8     0.359292325 17096  D   R 17104 + 56 [dumpe2fs]
  8,33   3        9     0.359439606     0  C   R 17072 + 32 [0]
  8,33   3       10     0.359447627 17096  D   R 16960 + 8 [dumpe2fs]
  8,33   3       11     0.359448488 17096  D   R 16976 + 16 [dumpe2fs]
  8,33   3       12     0.359459713 17096  D   R 16992 + 40 [dumpe2fs]
  8,33   3       13     0.359494513     0  C   R 17104 + 56 [0]
  8,33   3       14     0.359598238     0  C   R 16960 + 8 [0]
  8,33   3       15     0.359616005 17096  C   R 16976 + 16 [0]
  8,33   3       16     0.359682467 17096  C   R 16992 + 40 [0]
  8,33   7        5     0.365935874 17041  D   N 0 (00 ..) [kworker/u65:2]
  8,33   7        6     0.366143063     0  C   N (00 ..) [0]
  8,33   7        7     1.391897863    58  C  WS 0 [0]
CPU3 (8,33):
 Reads Queued:           0,        0KiB	 Writes Queued:           0,        0KiB
 Read Dispatches:        8,      108KiB	 Write Dispatches:        0,        0KiB
 Reads Requeued:         0		 Writes Requeued:         0
 Reads Completed:        8,      108KiB	 Writes Completed:        0,        0KiB
 Read Merges:            0,        0KiB	 Write Merges:            0,        0KiB
 Read depth:             4        	 Write depth:             1
 IO unplugs:             0        	 Timer unplugs:           0
CPU7 (8,33):
 Reads Queued:           0,        0KiB	 Writes Queued:           0,        0KiB
 Read Dispatches:        0,        0KiB	 Write Dispatches:        1,        4KiB
 Reads Requeued:         0		 Writes Requeued:         0
 Reads Completed:        0,        0KiB	 Writes Completed:        4,        4KiB
 Read Merges:            0,        0KiB	 Write Merges:            0,        0KiB
 Read depth:             4        	 Write depth:             1
 PC Reads Queued:        0,        0KiB	 PC Writes Queued:        0,        0KiB
 PC Read Disp.:          1,        0KiB	 PC Write Disp.:          0,        0KiB
 PC Reads Req.:          0		 PC Writes Req.:          0
 PC Reads Compl.:        1		 PC Writes Compl.:        0
 IO unplugs:             0        	 Timer unplugs:           0
CPU20 (8,33):
 Reads Queued:           0,        0KiB	 Writes Queued:           0,        0KiB
 Read Dispatches:        0,        0KiB	 Write Dispatches:        2,       12KiB
 Reads Requeued:         0		 Writes Requeued:         0
 Reads Completed:        0,        0KiB	 Writes Completed:        3,       12KiB
 Read Merges:            0,        0KiB	 Write Merges:            0,        0KiB
 Read depth:             4        	 Write depth:             1
 IO unplugs:             0        	 Timer unplugs:           0
CPU23 (8,33):
 Reads Queued:           0,        0KiB	 Writes Queued:           0,        0KiB
 Read Dispatches:      614,    78320KiB	 Write Dispatches:        0,        0KiB
 Reads Requeued:         0		 Writes Requeued:         0
 Reads Completed:      614,    78320KiB	 Writes Completed:        0,        0KiB
 Read Merges:            0,        0KiB	 Write Merges:            0,        0KiB
 Read depth:             4        	 Write depth:             1
 IO unplugs:             0        	 Timer unplugs:           0

Total (8,33):
 Reads Queued:           0,        0KiB	 Writes Queued:           0,        0KiB
 Read Dispatches:      622,    78428KiB	 Write Dispatches:        3,       16KiB
 Reads Requeued:         0		 Writes Requeued:         0
 Reads Completed:      622,    78428KiB	 Writes Completed:        7,       16KiB
 Read Merges:            0,        0KiB	 Write Merges:            0,        0KiB
 PC Reads Queued:        0,        0KiB	 PC Writes Queued:        0,        0KiB
 PC Read Disp.:          1,        0KiB	 PC Write Disp.:          0,        0KiB
 PC Reads Req.:          0		 PC Writes Req.:          0
 PC Reads Compl.:        1		 PC Writes Compl.:        0
 IO unplugs:             0        	 Timer unplugs:           0

Throughput (R/W): 56382KiB/s / 11KiB/s
Events (8,33): 1256 entries
Skips: 0 forward (0 -   0.0%)
