pre_depth;post_depth;offset;action;timestamp;operation;pid;size
0;1;142606336;D;0.000000000;OP_READ;17091;16384
1;0;142606336;C;0.000212290;OP_READ;0;16384
0;1;142622720;D;0.000252651;OP_READ;17091;32768
1;2;142655488;D;0.000297220;OP_READ;17091;65536
2;1;142622720;C;0.000532275;OP_READ;0;32768
1;0;142655488;C;0.000625270;OP_READ;17091;65536
0;1;142721024;D;0.000845618;OP_READ;17091;131072
1;2;142852096;D;0.001037245;OP_READ;17091;131072
2;1;142721024;C;0.001290692;OP_READ;0;131072
1;2;142983168;D;0.001675948;OP_READ;17091;131072
2;1;142852096;C;0.001709087;OP_READ;0;131072
1;2;143114240;D;0.002073886;OP_READ;17091;131072
2;1;142983168;C;0.002209559;OP_READ;0;131072
1;2;143245312;D;0.002594599;OP_READ;17091;131072
2;1;143114240;C;0.002635285;OP_READ;0;131072
1;2;143376384;D;0.003002118;OP_READ;17091;131072
2;1;143245312;C;0.003029020;OP_READ;0;131072
1;2;143507456;D;0.003408759;OP_READ;17091;131072
2;1;143376384;C;0.003430614;OP_READ;0;131072
1;2;143638528;D;0.003795716;OP_READ;17091;131072
2;1;143507456;C;0.003856300;OP_READ;0;131072
1;0;143638528;C;0.004155277;OP_READ;17091;131072
0;1;143769600;D;0.004227999;OP_READ;17091;131072
1;0;143769600;C;0.004507744;OP_READ;17091;131072
0;1;143900672;D;0.004592579;OP_READ;17091;131072
1;0;143900672;C;0.004873101;OP_READ;17091;131072
0;1;144031744;D;0.004956408;OP_READ;17091;131072
1;0;144031744;C;0.005234965;OP_READ;17091;131072
0;1;144162816;D;0.005318467;OP_READ;17091;131072
1;0;144162816;C;0.005598178;OP_READ;17091;131072
0;1;144293888;D;0.005682010;OP_READ;17091;131072
1;0;144293888;C;0.005962156;OP_READ;17091;131072
0;1;144424960;D;0.006045956;OP_READ;17091;131072
1;2;144556032;D;0.006402010;OP_READ;17091;131072
2;1;144424960;C;0.006466637;OP_READ;0;131072
1;0;144556032;C;0.006749278;OP_READ;17091;131072
0;1;144687104;D;0.006836486;OP_READ;17091;131072
1;0;144687104;C;0.007116008;OP_READ;17091;131072
0;1;144818176;D;0.007201039;OP_READ;17091;131072
1;0;144818176;C;0.007480472;OP_READ;17091;131072
0;1;144949248;D;0.007645092;OP_READ;17091;131072
1;0;144949248;C;0.007927863;OP_READ;17091;131072
0;1;145080320;D;0.008023344;OP_READ;17091;131072
1;0;145080320;C;0.008304305;OP_READ;17091;131072
0;1;145211392;D;0.008392186;OP_READ;17091;131072
1;0;145211392;C;0.008673734;OP_READ;17091;131072
0;1;145342464;D;0.008757328;OP_READ;17091;131072
1;0;145342464;C;0.009036523;OP_READ;17091;131072
0;1;145473536;D;0.009119973;OP_READ;17091;131072
1;0;145473536;C;0.009398831;OP_READ;17091;131072
0;1;145604608;D;0.009482324;OP_READ;17091;131072
1;0;145604608;C;0.009762682;OP_READ;17091;131072
0;1;145735680;D;0.009844525;OP_READ;17091;131072
1;0;145735680;C;0.010125074;OP_READ;17091;131072
0;1;145866752;D;0.010215996;OP_READ;17091;131072
1;0;145866752;C;0.010496981;OP_READ;17091;131072
0;1;145997824;D;0.010830626;OP_READ;17091;131072
1;0;145997824;C;0.011113990;OP_READ;17091;131072
0;1;146128896;D;0.011214353;OP_READ;17091;131072
1;0;146128896;C;0.011494538;OP_READ;17091;131072
0;1;146259968;D;0.011585236;OP_READ;17091;131072
1;0;146259968;C;0.011867394;OP_READ;17091;131072
0;1;146391040;D;0.011948941;OP_READ;17091;131072
1;0;146391040;C;0.012228136;OP_READ;17091;131072
0;1;146522112;D;0.012312076;OP_READ;17091;131072
1;0;146522112;C;0.012590494;OP_READ;17091;131072
0;1;146653184;D;0.012674006;OP_READ;17091;131072
1;0;146653184;C;0.012957231;OP_READ;17091;131072
0;1;146784256;D;0.013035466;OP_READ;17091;131072
1;0;146784256;C;0.013313984;OP_READ;17091;131072
0;1;146915328;D;0.013414346;OP_READ;17091;131072
1;0;146915328;C;0.013694862;OP_READ;17091;131072
0;1;147046400;D;0.013775768;OP_READ;17091;131072
1;0;147046400;C;0.014055095;OP_READ;17091;131072
0;1;147177472;D;0.014136085;OP_READ;17091;131072
1;0;147177472;C;0.014414449;OP_READ;17091;131072
0;1;147308544;D;0.014496834;OP_READ;17091;131072
1;0;147308544;C;0.014776985;OP_READ;17091;131072
0;1;147439616;D;0.014857059;OP_READ;17091;131072
1;0;147439616;C;0.015137000;OP_READ;17091;131072
0;1;147570688;D;0.015219453;OP_READ;17091;131072
1;0;147570688;C;0.015499177;OP_READ;17091;131072
0;1;147701760;D;0.015670034;OP_READ;17091;131072
1;0;147701760;C;0.015952029;OP_READ;17091;131072
0;1;147832832;D;0.016031623;OP_READ;17091;131072
1;0;147832832;C;0.016313251;OP_READ;17091;131072
0;1;147963904;D;0.016391757;OP_READ;17091;131072
1;0;147963904;C;0.016673955;OP_READ;17091;131072
0;1;148094976;D;0.016753056;OP_READ;17091;131072
1;0;148094976;C;0.017032807;OP_READ;17091;131072
0;1;148226048;D;0.017113885;OP_READ;17091;131072
1;0;148226048;C;0.017392461;OP_READ;17091;131072
0;1;148357120;D;0.017474009;OP_READ;17091;131072
1;0;148357120;C;0.017755447;OP_READ;17091;131072
0;1;148488192;D;0.017833681;OP_READ;17091;131072
1;0;148488192;C;0.018114491;OP_READ;17091;131072
0;1;148619264;D;0.018193156;OP_READ;17091;131072
1;0;148619264;C;0.018472105;OP_READ;17091;131072
0;1;148750336;D;0.018553345;OP_READ;17091;131072
1;0;148750336;C;0.018835464;OP_READ;17091;131072
0;1;148881408;D;0.018913164;OP_READ;17091;131072
1;0;148881408;C;0.019194024;OP_READ;17091;131072
0;1;149012480;D;0.019273490;OP_READ;17091;131072
1;0;149012480;C;0.019551744;OP_READ;17091;131072
0;1;149143552;D;0.019643188;OP_READ;17091;131072
1;0;149143552;C;0.019925273;OP_READ;17091;131072
0;1;149274624;D;0.020004174;OP_READ;17091;131072
1;0;149274624;C;0.020284362;OP_READ;17091;131072
0;1;149405696;D;0.020363979;OP_READ;17091;131072
1;0;149405696;C;0.020645146;OP_READ;17091;131072
0;1;149536768;D;0.020724505;OP_READ;17091;131072
1;0;149536768;C;0.021005172;OP_READ;17091;131072
0;1;149667840;D;0.021085045;OP_READ;17091;131072
1;0;149667840;C;0.021363730;OP_READ;17091;131072
0;1;149798912;D;0.021446611;OP_READ;17091;131072
1;0;149798912;C;0.021729046;OP_READ;17091;131072
0;1;149929984;D;0.021807804;OP_READ;17091;131072
1;0;149929984;C;0.022088338;OP_READ;17091;131072
0;1;150061056;D;0.022168614;OP_READ;17091;131072
1;0;150061056;C;0.022447401;OP_READ;17091;131072
0;1;150192128;D;0.022528981;OP_READ;17091;131072
1;0;150192128;C;0.022810682;OP_READ;17091;131072
0;1;150323200;D;0.022889114;OP_READ;17091;131072
1;0;150323200;C;0.023169357;OP_READ;17091;131072
0;1;150454272;D;0.023248709;OP_READ;17091;131072
1;0;150454272;C;0.023528101;OP_READ;17091;131072
0;1;150585344;D;0.023629338;OP_READ;17091;131072
1;0;150585344;C;0.023912056;OP_READ;17091;131072
0;1;150716416;D;0.023989845;OP_READ;17091;131072
1;0;150716416;C;0.024270198;OP_READ;17091;131072
0;1;150847488;D;0.024348356;OP_READ;17091;131072
1;0;150847488;C;0.024629214;OP_READ;17091;131072
0;1;150978560;D;0.024706711;OP_READ;17091;131072
1;0;150978560;C;0.024986092;OP_READ;17091;131072
0;1;151109632;D;0.025065642;OP_READ;17091;131072
1;0;151109632;C;0.025343285;OP_READ;17091;131072
0;1;151240704;D;0.025423776;OP_READ;17091;131072
1;0;151240704;C;0.025703856;OP_READ;17091;131072
0;1;151371776;D;0.025782449;OP_READ;17091;131072
1;0;151371776;C;0.026061146;OP_READ;17091;131072
0;1;151502848;D;0.026140761;OP_READ;17091;131072
1;0;151502848;C;0.026418781;OP_READ;17091;131072
0;1;151633920;D;0.026499119;OP_READ;17091;131072
1;0;151633920;C;0.026779623;OP_READ;17091;131072
0;1;151764992;D;0.026856530;OP_READ;17091;131072
1;0;151764992;C;0.027137262;OP_READ;17091;131072
0;1;151896064;D;0.027215329;OP_READ;17091;131072
1;0;151896064;C;0.027493874;OP_READ;17091;131072
0;1;152027136;D;0.027578249;OP_READ;17091;131072
1;0;152027136;C;0.027860044;OP_READ;17091;131072
0;1;152158208;D;0.027936052;OP_READ;17091;131072
1;0;152158208;C;0.028214396;OP_READ;17091;131072
0;1;152289280;D;0.028295165;OP_READ;17091;131072
1;0;152289280;C;0.028574551;OP_READ;17091;131072
0;1;152420352;D;0.028653409;OP_READ;17091;131072
1;0;152420352;C;0.028935391;OP_READ;17091;131072
0;1;152551424;D;0.029011991;OP_READ;17091;131072
1;0;152551424;C;0.029291412;OP_READ;17091;131072
0;1;152682496;D;0.029368883;OP_READ;17091;131072
1;0;152682496;C;0.029650585;OP_READ;17091;131072
0;1;152813568;D;0.029728132;OP_READ;17091;131072
1;0;152813568;C;0.030008027;OP_READ;17091;131072
0;1;152944640;D;0.030085971;OP_READ;17091;131072
1;0;152944640;C;0.030364807;OP_READ;17091;131072
0;1;153075712;D;0.030443727;OP_READ;17091;131072
1;0;153075712;C;0.030727996;OP_READ;17091;131072
0;1;153206784;D;0.030807236;OP_READ;17091;131072
1;0;153206784;C;0.031087122;OP_READ;17091;131072
0;1;153337856;D;0.031165629;OP_READ;17091;131072
1;0;153337856;C;0.031445258;OP_READ;17091;131072
0;1;153468928;D;0.031527409;OP_READ;17091;131072
1;0;153468928;C;0.031809204;OP_READ;17091;131072
0;1;153600000;D;0.031885274;OP_READ;17091;131072
1;0;153600000;C;0.032164803;OP_READ;17091;131072
0;1;153731072;D;0.032243338;OP_READ;17091;131072
1;0;153731072;C;0.032521354;OP_READ;17091;131072
0;1;153862144;D;0.032601605;OP_READ;17091;131072
1;0;153862144;C;0.032884049;OP_READ;17091;131072
0;1;153993216;D;0.032959520;OP_READ;17091;131072
1;0;153993216;C;0.033239590;OP_READ;17091;131072
0;1;154124288;D;0.033317261;OP_READ;17091;131072
1;0;154124288;C;0.033595579;OP_READ;17091;131072
0;1;154255360;D;0.033675107;OP_READ;17091;131072
1;0;154255360;C;0.033956439;OP_READ;17091;131072
0;1;154386432;D;0.034048894;OP_READ;17091;131072
1;0;154386432;C;0.034327601;OP_READ;17091;131072
0;1;154517504;D;0.034405544;OP_READ;17091;131072
1;0;154517504;C;0.034685677;OP_READ;17091;131072
0;1;154648576;D;0.034770558;OP_READ;17091;131072
1;0;154648576;C;0.035049945;OP_READ;17091;131072
0;1;154779648;D;0.035126308;OP_READ;17091;131072
1;0;154779648;C;0.035405445;OP_READ;17091;131072
0;1;154910720;D;0.035486234;OP_READ;17091;131072
1;0;154910720;C;0.035766910;OP_READ;17091;131072
0;1;155041792;D;0.035842810;OP_READ;17091;131072
1;0;155041792;C;0.036122723;OP_READ;17091;131072
0;1;155172864;D;0.036200106;OP_READ;17091;131072
1;0;155172864;C;0.036478032;OP_READ;17091;131072
0;1;155303936;D;0.036557667;OP_READ;17091;131072
1;0;155303936;C;0.036838401;OP_READ;17091;131072
0;1;155435008;D;0.036914005;OP_READ;17091;131072
1;0;155435008;C;0.037193760;OP_READ;17091;131072
0;1;155566080;D;0.037269928;OP_READ;17091;131072
1;0;155566080;C;0.037549255;OP_READ;17091;131072
0;1;155697152;D;0.037626224;OP_READ;17091;131072
1;0;155697152;C;0.037907312;OP_READ;17091;131072
0;1;155828224;D;0.037981874;OP_READ;17091;131072
1;0;155828224;C;0.038261725;OP_READ;17091;131072
0;1;155959296;D;0.038338485;OP_READ;17091;131072
1;0;155959296;C;0.038627763;OP_READ;17091;131072
0;1;156090368;D;0.038695804;OP_READ;17091;131072
1;0;156090368;C;0.038974523;OP_READ;17091;131072
0;1;156221440;D;0.039052569;OP_READ;17091;131072
1;0;156221440;C;0.039331389;OP_READ;17091;131072
0;1;156352512;D;0.039412475;OP_READ;17091;131072
1;0;156352512;C;0.039692967;OP_READ;17091;131072
0;1;156483584;D;0.039769924;OP_READ;17091;131072
1;0;156483584;C;0.040049577;OP_READ;17091;131072
0;1;156614656;D;0.040126479;OP_READ;17091;131072
1;0;156614656;C;0.040404411;OP_READ;17091;131072
0;1;156745728;D;0.040483067;OP_READ;17091;131072
1;0;156745728;C;0.040764636;OP_READ;17091;131072
0;1;156876800;D;0.040840320;OP_READ;17091;131072
1;0;156876800;C;0.041119654;OP_READ;17091;131072
0;1;157007872;D;0.041197954;OP_READ;17091;131072
1;0;157007872;C;0.041476258;OP_READ;17091;131072
0;1;157138944;D;0.041554998;OP_READ;17091;131072
1;0;157138944;C;0.041836135;OP_READ;17091;131072
0;1;157270016;D;0.041911412;OP_READ;17091;131072
1;0;157270016;C;0.042190449;OP_READ;17091;131072
0;1;157401088;D;0.042273950;OP_READ;17091;131072
1;0;157401088;C;0.042552040;OP_READ;17091;131072
0;1;157532160;D;0.042631067;OP_READ;17091;131072
1;0;157532160;C;0.042912561;OP_READ;17091;131072
0;1;157663232;D;0.042987240;OP_READ;17091;131072
1;0;157663232;C;0.043266976;OP_READ;17091;131072
0;1;157794304;D;0.043346414;OP_READ;17091;131072
1;0;157794304;C;0.043628427;OP_READ;17091;131072
0;1;157925376;D;0.043720112;OP_READ;17091;131072
1;0;157925376;C;0.044000406;OP_READ;17091;131072
0;1;158056448;D;0.044076585;OP_READ;17091;131072
1;0;158056448;C;0.044355646;OP_READ;17091;131072
0;1;158187520;D;0.044432590;OP_READ;17091;131072
1;0;158187520;C;0.044716699;OP_READ;17091;131072
0;1;158318592;D;0.044794988;OP_READ;17091;131072
1;0;158318592;C;0.045074954;OP_READ;17091;131072
0;1;158449664;D;0.045151422;OP_READ;17091;131072
1;0;158449664;C;0.045429997;OP_READ;17091;131072
0;1;158580736;D;0.045506792;OP_READ;17091;131072
1;0;158580736;C;0.045788442;OP_READ;17091;131072
0;1;158711808;D;0.045863598;OP_READ;17091;131072
1;0;158711808;C;0.046142237;OP_READ;17091;131072
0;1;158842880;D;0.046220596;OP_READ;17091;131072
1;0;158842880;C;0.046498738;OP_READ;17091;131072
0;1;158973952;D;0.046576347;OP_READ;17091;131072
1;0;158973952;C;0.046857857;OP_READ;17091;131072
0;1;159105024;D;0.046932480;OP_READ;17091;131072
1;0;159105024;C;0.047210865;OP_READ;17091;131072
0;1;159236096;D;0.047288640;OP_READ;17091;131072
1;0;159236096;C;0.047567348;OP_READ;17091;131072
0;1;159367168;D;0.047648460;OP_READ;17091;131072
1;0;159367168;C;0.047929499;OP_READ;17091;131072
0;1;159498240;D;0.048005555;OP_READ;17091;131072
1;0;159498240;C;0.048285075;OP_READ;17091;131072
0;1;159629312;D;0.048360481;OP_READ;17091;131072
1;0;159629312;C;0.048641363;OP_READ;17091;131072
0;1;159760384;D;0.048717244;OP_READ;17091;131072
1;0;159760384;C;0.048996078;OP_READ;17091;131072
0;1;159891456;D;0.049073114;OP_READ;17091;131072
1;0;159891456;C;0.049351791;OP_READ;17091;131072
0;1;160022528;D;0.049428853;OP_READ;17091;131072
1;0;160022528;C;0.049709271;OP_READ;17091;131072
0;1;160153600;D;0.049785548;OP_READ;17091;131072
1;0;160153600;C;0.050065410;OP_READ;17091;131072
0;1;160284672;D;0.050141811;OP_READ;17091;131072
1;0;160284672;C;0.050420769;OP_READ;17091;131072
0;1;160415744;D;0.050497781;OP_READ;17091;131072
1;0;160415744;C;0.050778925;OP_READ;17091;131072
0;1;160546816;D;0.050853006;OP_READ;17091;131072
1;0;160546816;C;0.051134054;OP_READ;17091;131072
0;1;160677888;D;0.051209354;OP_READ;17091;131072
1;0;160677888;C;0.051488434;OP_READ;17091;131072
0;1;160808960;D;0.051568377;OP_READ;17091;131072
1;0;160808960;C;0.051850080;OP_READ;17091;131072
0;1;160940032;D;0.051924881;OP_READ;17091;131072
1;0;160940032;C;0.052204348;OP_READ;17091;131072
0;1;161071104;D;0.052281070;OP_READ;17091;131072
1;0;161071104;C;0.052559485;OP_READ;17091;131072
0;1;161202176;D;0.052636911;OP_READ;17091;131072
1;0;161202176;C;0.052918991;OP_READ;17091;131072
0;1;161333248;D;0.052992915;OP_READ;17091;131072
1;0;161333248;C;0.053271070;OP_READ;17091;131072
0;1;161464320;D;0.053353813;OP_READ;17091;131072
1;0;161464320;C;0.053635462;OP_READ;17091;131072
0;1;161595392;D;0.053711115;OP_READ;17091;131072
1;0;161595392;C;0.053991840;OP_READ;17091;131072
0;1;161726464;D;0.054082018;OP_READ;17091;131072
1;0;161726464;C;0.054360381;OP_READ;17091;131072
0;1;161857536;D;0.054437026;OP_READ;17091;131072
1;0;161857536;C;0.054716734;OP_READ;17091;131072
0;1;161988608;D;0.054797001;OP_READ;17091;131072
1;0;161988608;C;0.055075848;OP_READ;17091;131072
0;1;162119680;D;0.055152549;OP_READ;17091;131072
1;0;162119680;C;0.055430530;OP_READ;17091;131072
0;1;162250752;D;0.055511024;OP_READ;17091;131072
1;0;162250752;C;0.055791754;OP_READ;17091;131072
0;1;162381824;D;0.055866193;OP_READ;17091;131072
1;0;162381824;C;0.056146351;OP_READ;17091;131072
0;1;162512896;D;0.056222473;OP_READ;17091;131072
1;0;162512896;C;0.056500493;OP_READ;17091;131072
0;1;162643968;D;0.056578280;OP_READ;17091;131072
1;0;162643968;C;0.056858068;OP_READ;17091;131072
0;1;162775040;D;0.056933286;OP_READ;17091;131072
1;0;162775040;C;0.057211502;OP_READ;17091;131072
0;1;162906112;D;0.057288936;OP_READ;17091;131072
1;0;162906112;C;0.057566254;OP_READ;17091;131072
0;1;163037184;D;0.057643710;OP_READ;17091;131072
1;0;163037184;C;0.057922872;OP_READ;17091;131072
0;1;163168256;D;0.057998739;OP_READ;17091;131072
1;0;163168256;C;0.058278167;OP_READ;17091;131072
0;1;163299328;D;0.058355019;OP_READ;17091;131072
1;0;163299328;C;0.058635057;OP_READ;17091;131072
0;1;163430400;D;0.058710686;OP_READ;17091;131072
1;0;163430400;C;0.058990436;OP_READ;17091;131072
0;1;163561472;D;0.059066291;OP_READ;17091;131072
1;0;163561472;C;0.059344400;OP_READ;17091;131072
0;1;163692544;D;0.059424566;OP_READ;17091;131072
1;0;163692544;C;0.059706492;OP_READ;17091;131072
0;1;163823616;D;0.059782180;OP_READ;17091;131072
1;0;163823616;C;0.060061559;OP_READ;17091;131072
0;1;163954688;D;0.060138569;OP_READ;17091;131072
1;0;163954688;C;0.060418434;OP_READ;17091;131072
0;1;164085760;D;0.060541302;OP_READ;17091;131072
1;0;164085760;C;0.060837977;OP_READ;17091;131072
0;1;164216832;D;0.061031037;OP_READ;17091;131072
1;0;164216832;C;0.061309213;OP_READ;17091;131072
0;1;164347904;D;0.061386990;OP_READ;17091;131072
1;0;164347904;C;0.061669057;OP_READ;17091;131072
0;1;164478976;D;0.061743094;OP_READ;17091;131072
1;0;164478976;C;0.062022907;OP_READ;17091;131072
0;1;164610048;D;0.062098562;OP_READ;17091;131072
1;0;164610048;C;0.062375848;OP_READ;17091;131072
0;1;164741120;D;0.062454467;OP_READ;17091;131072
1;0;164741120;C;0.062735467;OP_READ;17091;131072
0;1;164872192;D;0.062810194;OP_READ;17091;131072
1;0;164872192;C;0.063089572;OP_READ;17091;131072
0;1;165003264;D;0.063166437;OP_READ;17091;131072
1;0;165003264;C;0.063445440;OP_READ;17091;131072
0;1;165134336;D;0.063532265;OP_READ;17091;131072
1;0;165134336;C;0.063814528;OP_READ;17091;131072
0;1;165265408;D;0.063903306;OP_READ;17091;131072
1;0;165265408;C;0.064181350;OP_READ;17091;131072
0;1;165396480;D;0.064258492;OP_READ;17091;131072
1;0;165396480;C;0.064537136;OP_READ;17091;131072
0;1;165527552;D;0.064613440;OP_READ;17091;131072
1;0;165527552;C;0.064894098;OP_READ;17091;131072
0;1;165658624;D;0.064969111;OP_READ;17091;131072
1;0;165658624;C;0.065248532;OP_READ;17091;131072
0;1;165789696;D;0.065323924;OP_READ;17091;131072
1;0;165789696;C;0.065602292;OP_READ;17091;131072
0;1;165920768;D;0.065680521;OP_READ;17091;131072
1;0;165920768;C;0.065961600;OP_READ;17091;131072
0;1;166051840;D;0.066036363;OP_READ;17091;131072
1;0;166051840;C;0.066314489;OP_READ;17091;131072
0;1;166182912;D;0.066391089;OP_READ;17091;131072
1;0;166182912;C;0.066671803;OP_READ;17091;131072
0;1;166313984;D;0.066746180;OP_READ;17091;131072
1;0;166313984;C;0.067024429;OP_READ;17091;131072
0;1;166445056;D;0.067100689;OP_READ;17091;131072
1;0;166445056;C;0.067378827;OP_READ;17091;131072
0;1;166576128;D;0.067458773;OP_READ;17091;131072
1;0;166576128;C;0.067740337;OP_READ;17091;131072
0;1;166707200;D;0.067813764;OP_READ;17091;131072
1;0;166707200;C;0.068092973;OP_READ;17091;131072
0;1;166838272;D;0.068168276;OP_READ;17091;131072
1;0;166838272;C;0.068448353;OP_READ;17091;131072
0;1;166969344;D;0.068523338;OP_READ;17091;131072
1;0;166969344;C;0.068805051;OP_READ;17091;131072
0;1;167100416;D;0.068876917;OP_READ;17091;131072
1;0;167100416;C;0.069156322;OP_READ;17091;131072
0;1;167231488;D;0.069233392;OP_READ;17091;131072
1;0;167231488;C;0.069511580;OP_READ;17091;131072
0;1;167362560;D;0.069587785;OP_READ;17091;131072
1;0;167362560;C;0.069869437;OP_READ;17091;131072
0;1;167493632;D;0.069943836;OP_READ;17091;131072
1;0;167493632;C;0.070223457;OP_READ;17091;131072
0;1;167624704;D;0.070297669;OP_READ;17091;131072
1;0;167624704;C;0.070575728;OP_READ;17091;131072
0;1;167755776;D;0.070653511;OP_READ;17091;131072
1;0;167755776;C;0.070933856;OP_READ;17091;131072
0;1;167886848;D;0.071007743;OP_READ;17091;131072
1;0;167886848;C;0.071286847;OP_READ;17091;131072
0;1;168017920;D;0.071365864;OP_READ;17091;131072
1;0;168017920;C;0.071646156;OP_READ;17091;131072
0;1;168148992;D;0.071724440;OP_READ;17091;131072
1;0;168148992;C;0.072004536;OP_READ;17091;131072
0;1;168280064;D;0.072082668;OP_READ;17091;131072
1;0;168280064;C;0.072361604;OP_READ;17091;131072
0;1;168411136;D;0.072441533;OP_READ;17091;131072
1;0;168411136;C;0.072722439;OP_READ;17091;131072
0;1;168542208;D;0.072804411;OP_READ;17091;131072
1;0;168542208;C;0.073083999;OP_READ;17091;131072
0;1;168673280;D;0.073166329;OP_READ;17091;131072
1;0;168673280;C;0.073444390;OP_READ;17091;131072
0;1;168804352;D;0.073523057;OP_READ;17091;131072
1;0;168804352;C;0.073802604;OP_READ;17091;131072
0;1;168935424;D;0.073897228;OP_READ;17091;131072
1;0;168935424;C;0.074177195;OP_READ;17091;131072
0;1;169066496;D;0.074252065;OP_READ;17091;131072
1;0;169066496;C;0.074530330;OP_READ;17091;131072
0;1;169197568;D;0.074605648;OP_READ;17091;131072
1;0;169197568;C;0.074891692;OP_READ;17091;131072
0;1;169328640;D;0.074965335;OP_READ;17091;131072
1;0;169328640;C;0.075245000;OP_READ;17091;131072
0;1;169459712;D;0.075323430;OP_READ;17091;131072
1;0;169459712;C;0.075602531;OP_READ;17091;131072
0;1;169590784;D;0.075678977;OP_READ;17091;131072
1;0;169590784;C;0.075959974;OP_READ;17091;131072
0;1;169721856;D;0.076033732;OP_READ;17091;131072
1;0;169721856;C;0.076311952;OP_READ;17091;131072
0;1;169852928;D;0.076387698;OP_READ;17091;131072
1;0;169852928;C;0.076667511;OP_READ;17091;131072
0;1;169984000;D;0.076742680;OP_READ;17091;131072
1;0;169984000;C;0.077021448;OP_READ;17091;131072
0;1;170115072;D;0.077096207;OP_READ;17091;131072
1;0;170115072;C;0.077374467;OP_READ;17091;131072
0;1;170246144;D;0.077450499;OP_READ;17091;131072
1;0;170246144;C;0.077730888;OP_READ;17091;131072
0;1;170377216;D;0.077805279;OP_READ;17091;131072
1;0;170377216;C;0.078084538;OP_READ;17091;131072
0;1;170508288;D;0.078159631;OP_READ;17091;131072
1;0;170508288;C;0.078438111;OP_READ;17091;131072
0;1;170639360;D;0.078513870;OP_READ;17091;131072
1;0;170639360;C;0.078794620;OP_READ;17091;131072
0;1;170770432;D;0.078868423;OP_READ;17091;131072
1;0;170770432;C;0.079146614;OP_READ;17091;131072
0;1;170901504;D;0.079222790;OP_READ;17091;131072
1;0;170901504;C;0.079500719;OP_READ;17091;131072
0;1;171032576;D;0.079579416;OP_READ;17091;131072
1;0;171032576;C;0.079858734;OP_READ;17091;131072
0;1;171163648;D;0.079933157;OP_READ;17091;131072
1;0;171163648;C;0.080211544;OP_READ;17091;131072
0;1;171294720;D;0.080287644;OP_READ;17091;131072
1;0;171294720;C;0.080565171;OP_READ;17091;131072
0;1;171425792;D;0.080642443;OP_READ;17091;131072
1;0;171425792;C;0.080924965;OP_READ;17091;131072
0;1;171556864;D;0.080997102;OP_READ;17091;131072
1;0;171556864;C;0.081278368;OP_READ;17091;131072
0;1;171687936;D;0.081352562;OP_READ;17091;131072
1;0;171687936;C;0.081636624;OP_READ;17091;131072
0;1;171819008;D;0.081708099;OP_READ;17091;131072
1;0;171819008;C;0.081988463;OP_READ;17091;131072
0;1;171950080;D;0.082062598;OP_READ;17091;131072
1;0;171950080;C;0.082340166;OP_READ;17091;131072
0;1;172081152;D;0.082416633;OP_READ;17091;131072
1;0;172081152;C;0.082696339;OP_READ;17091;131072
0;1;172212224;D;0.082771081;OP_READ;17091;131072
1;0;172212224;C;0.083050222;OP_READ;17091;131072
0;1;172343296;D;0.083124823;OP_READ;17091;131072
1;0;172343296;C;0.083402615;OP_READ;17091;131072
0;1;172474368;D;0.083482396;OP_READ;17091;131072
1;0;172474368;C;0.083762904;OP_READ;17091;131072
0;1;172605440;D;0.083852271;OP_READ;17091;131072
1;0;172605440;C;0.084131378;OP_READ;17091;131072
0;1;172736512;D;0.084207211;OP_READ;17091;131072
1;0;172736512;C;0.084486394;OP_READ;17091;131072
0;1;172867584;D;0.084561131;OP_READ;17091;131072
1;0;172867584;C;0.084842061;OP_READ;17091;131072
0;1;172998656;D;0.084918704;OP_READ;17091;131072
1;0;172998656;C;0.085197526;OP_READ;17091;131072
0;1;173129728;D;0.085272524;OP_READ;17091;131072
1;0;173129728;C;0.085550437;OP_READ;17091;131072
0;1;173260800;D;0.085626832;OP_READ;17091;131072
1;0;173260800;C;0.085906768;OP_READ;17091;131072
0;1;173391872;D;0.085980417;OP_READ;17091;131072
1;0;173391872;C;0.086260225;OP_READ;17091;131072
0;1;173522944;D;0.086333902;OP_READ;17091;131072
1;0;173522944;C;0.086629641;OP_READ;17091;131072
0;1;173654016;D;0.086688671;OP_READ;17091;131072
1;0;173654016;C;0.086968435;OP_READ;17091;131072
0;1;173785088;D;0.087042599;OP_READ;17091;131072
1;0;173785088;C;0.087320877;OP_READ;17091;131072
0;1;173916160;D;0.087398444;OP_READ;17091;131072
1;0;173916160;C;0.087678981;OP_READ;17091;131072
0;1;174047232;D;0.087752388;OP_READ;17091;131072
1;0;174047232;C;0.088031077;OP_READ;17091;131072
0;1;174178304;D;0.088106484;OP_READ;17091;131072
1;0;174178304;C;0.088384618;OP_READ;17091;131072
0;1;174309376;D;0.088460611;OP_READ;17091;131072
1;0;174309376;C;0.088739842;OP_READ;17091;131072
0;1;174440448;D;0.088815083;OP_READ;17091;131072
1;0;174440448;C;0.089093568;OP_READ;17091;131072
0;1;174571520;D;0.089168692;OP_READ;17091;131072
1;0;174571520;C;0.089446082;OP_READ;17091;131072
0;1;174702592;D;0.089523048;OP_READ;17091;131072
1;0;174702592;C;0.089801879;OP_READ;17091;131072
0;1;174833664;D;0.089877220;OP_READ;17091;131072
1;0;174833664;C;0.090156411;OP_READ;17091;131072
0;1;174964736;D;0.090230882;OP_READ;17091;131072
1;0;174964736;C;0.090508684;OP_READ;17091;131072
0;1;175095808;D;0.090585131;OP_READ;17091;131072
1;0;175095808;C;0.090865062;OP_READ;17091;131072
0;1;175226880;D;0.090938627;OP_READ;17091;131072
1;0;175226880;C;0.091217247;OP_READ;17091;131072
0;1;175357952;D;0.091293514;OP_READ;17091;131072
1;0;175357952;C;0.091571308;OP_READ;17091;131072
0;1;175489024;D;0.091650211;OP_READ;17091;131072
1;0;175489024;C;0.091932797;OP_READ;17091;131072
0;1;175620096;D;0.092003484;OP_READ;17091;131072
1;0;175620096;C;0.092282327;OP_READ;17091;131072
0;1;175751168;D;0.092356770;OP_READ;17091;131072
1;0;175751168;C;0.092639485;OP_READ;17091;131072
0;1;175882240;D;0.092710327;OP_READ;17091;131072
1;0;175882240;C;0.092990526;OP_READ;17091;131072
0;1;176013312;D;0.093064031;OP_READ;17091;131072
1;0;176013312;C;0.093342126;OP_READ;17091;131072
0;1;176144384;D;0.093417614;OP_READ;17091;131072
1;0;176144384;C;0.093698498;OP_READ;17091;131072
0;1;176275456;D;0.093769706;OP_READ;17091;131072
1;0;176275456;C;0.094048954;OP_READ;17091;131072
0;1;176406528;D;0.094139132;OP_READ;17091;131072
1;0;176406528;C;0.094416593;OP_READ;17091;131072
0;1;176537600;D;0.094499179;OP_READ;17091;131072
1;0;176537600;C;0.094778896;OP_READ;17091;131072
0;1;176668672;D;0.094851513;OP_READ;17091;131072
1;0;176668672;C;0.095131140;OP_READ;17091;131072
0;1;176799744;D;0.095204398;OP_READ;17091;131072
1;0;176799744;C;0.095483081;OP_READ;17091;131072
0;1;176930816;D;0.095560822;OP_READ;17091;131072
1;0;176930816;C;0.095840676;OP_READ;17091;131072
0;1;177061888;D;0.095917888;OP_READ;17091;131072
1;0;177061888;C;0.096197330;OP_READ;17091;131072
0;1;177192960;D;0.096271706;OP_READ;17091;131072
1;0;177192960;C;0.096549002;OP_READ;17091;131072
0;1;177324032;D;0.096624834;OP_READ;17091;131072
1;0;177324032;C;0.096905210;OP_READ;17091;131072
0;1;177455104;D;0.096978393;OP_READ;17091;131072
1;0;177455104;C;0.097257087;OP_READ;17091;131072
0;1;177586176;D;0.097331451;OP_READ;17091;131072
1;0;177586176;C;0.097609660;OP_READ;17091;131072
0;1;177717248;D;0.097684415;OP_READ;17091;131072
1;0;177717248;C;0.097965044;OP_READ;17091;131072
0;1;177848320;D;0.098038394;OP_READ;17091;131072
1;0;177848320;C;0.098318490;OP_READ;17091;131072
0;1;177979392;D;0.098392264;OP_READ;17091;131072
1;0;177979392;C;0.098673636;OP_READ;17091;131072
0;1;178110464;D;0.098745256;OP_READ;17091;131072
1;0;178110464;C;0.099024525;OP_READ;17091;131072
0;1;178241536;D;0.099098404;OP_READ;17091;131072
1;0;178241536;C;0.099376458;OP_READ;17091;131072
0;1;178372608;D;0.099454215;OP_READ;17091;131072
1;0;178372608;C;0.099735760;OP_READ;17091;131072
0;1;178503680;D;0.099808311;OP_READ;17091;131072
1;0;178503680;C;0.100086527;OP_READ;17091;131072
0;1;178634752;D;0.100161194;OP_READ;17091;131072
1;0;178634752;C;0.100438608;OP_READ;17091;131072
0;1;178765824;D;0.100514677;OP_READ;17091;131072
1;0;178765824;C;0.100796587;OP_READ;17091;131072
0;1;178896896;D;0.100867048;OP_READ;17091;131072
1;0;178896896;C;0.101145521;OP_READ;17091;131072
0;1;179027968;D;0.101220469;OP_READ;17091;131072
1;0;179027968;C;0.101499186;OP_READ;17091;131072
0;1;179159040;D;0.101573795;OP_READ;17091;131072
1;0;179159040;C;0.101856010;OP_READ;17091;131072
0;1;179290112;D;0.101926220;OP_READ;17091;131072
1;0;179290112;C;0.102205171;OP_READ;17091;131072
0;1;179421184;D;0.102279737;OP_READ;17091;131072
1;0;179421184;C;0.102558374;OP_READ;17091;131072
0;1;179552256;D;0.102632504;OP_READ;17091;131072
1;0;179552256;C;0.102914101;OP_READ;17091;131072
0;1;179683328;D;0.102986985;OP_READ;17091;131072
1;0;179683328;C;0.103265126;OP_READ;17091;131072
0;1;179814400;D;0.103342390;OP_READ;17091;131072
1;0;179814400;C;0.103632501;OP_READ;17091;131072
0;1;179945472;D;0.103695894;OP_READ;17091;131072
1;0;179945472;C;0.103974580;OP_READ;17091;131072
0;1;180076544;D;0.104065782;OP_READ;17091;131072
1;0;180076544;C;0.104344257;OP_READ;17091;131072
0;1;180207616;D;0.104423857;OP_READ;17091;131072
1;0;180207616;C;0.104703885;OP_READ;17091;131072
0;1;180338688;D;0.104782466;OP_READ;17091;131072
1;0;180338688;C;0.105061114;OP_READ;17091;131072
0;1;180469760;D;0.105135593;OP_READ;17091;131072
1;0;180469760;C;0.105413566;OP_READ;17091;131072
0;1;180600832;D;0.105488602;OP_READ;17091;131072
1;0;180600832;C;0.105769239;OP_READ;17091;131072
0;1;180731904;D;0.105842073;OP_READ;17091;131072
1;0;180731904;C;0.106121217;OP_READ;17091;131072
0;1;180862976;D;0.106194420;OP_READ;17091;131072
1;0;180862976;C;0.106472912;OP_READ;17091;131072
0;1;180994048;D;0.106550576;OP_READ;17091;131072
1;0;180994048;C;0.106829988;OP_READ;17091;131072
0;1;181125120;D;0.106902424;OP_READ;17091;131072
1;0;181125120;C;0.107181555;OP_READ;17091;131072
0;1;181256192;D;0.107255493;OP_READ;17091;131072
1;0;181256192;C;0.107533271;OP_READ;17091;131072
0;1;181387264;D;0.107610693;OP_READ;17091;131072
1;0;181387264;C;0.107892303;OP_READ;17091;131072
0;1;181518336;D;0.107964114;OP_READ;17091;131072
1;0;181518336;C;0.108242446;OP_READ;17091;131072
0;1;181649408;D;0.108316784;OP_READ;17091;131072
1;0;181649408;C;0.108594847;OP_READ;17091;131072
0;1;181780480;D;0.108669512;OP_READ;17091;131072
1;0;181780480;C;0.108951156;OP_READ;17091;131072
0;1;181911552;D;0.109023013;OP_READ;17091;131072
1;0;181911552;C;0.109302827;OP_READ;17091;131072
0;1;182042624;D;0.109375270;OP_READ;17091;131072
1;0;182042624;C;0.109655325;OP_READ;17091;131072
0;1;182173696;D;0.109728127;OP_READ;17091;131072
1;0;182173696;C;0.110010555;OP_READ;17091;131072
0;1;182304768;D;0.110080967;OP_READ;17091;131072
1;0;182304768;C;0.110358959;OP_READ;17091;131072
0;1;182435840;D;0.110442690;OP_READ;17091;131072
1;0;182435840;C;0.110726473;OP_READ;17091;131072
0;1;182566912;D;0.110913135;OP_READ;17091;131072
1;0;182566912;C;0.111193991;OP_READ;17091;131072
0;1;182697984;D;0.111322856;OP_READ;17091;131072
1;0;182697984;C;0.111601239;OP_READ;17091;131072
0;1;182829056;D;0.111676522;OP_READ;17091;131072
1;0;182829056;C;0.111957436;OP_READ;17091;131072
0;1;182960128;D;0.112030487;OP_READ;17091;131072
1;0;182960128;C;0.112308831;OP_READ;17091;131072
0;1;183091200;D;0.112381774;OP_READ;17091;131072
1;0;183091200;C;0.112662451;OP_READ;17091;131072
0;1;183222272;D;0.112734242;OP_READ;17091;131072
1;0;183222272;C;0.113012999;OP_READ;17091;131072
0;1;183353344;D;0.113087382;OP_READ;17091;131072
1;0;183353344;C;0.113365331;OP_READ;17091;131072
0;1;183484416;D;0.113440612;OP_READ;17091;131072
1;0;183484416;C;0.113720525;OP_READ;17091;131072
0;1;183615488;D;0.113793100;OP_READ;17091;131072
1;0;183615488;C;0.114071755;OP_READ;17091;131072
0;1;183746560;D;0.114162221;OP_READ;17091;131072
1;0;183746560;C;0.114439514;OP_READ;17091;131072
0;1;183877632;D;0.114515446;OP_READ;17091;131072
1;0;183877632;C;0.114796132;OP_READ;17091;131072
0;1;184008704;D;0.114868653;OP_READ;17091;131072
1;0;184008704;C;0.115147140;OP_READ;17091;131072
0;1;184139776;D;0.115220322;OP_READ;17091;131072
1;0;184139776;C;0.115499924;OP_READ;17091;131072
0;1;184270848;D;0.115576093;OP_READ;17091;131072
1;0;184270848;C;0.115855643;OP_READ;17091;131072
0;1;184401920;D;0.115928945;OP_READ;17091;131072
1;0;184401920;C;0.116209042;OP_READ;17091;131072
0;1;184532992;D;0.116281596;OP_READ;17091;131072
1;0;184532992;C;0.116559928;OP_READ;17091;131072
0;1;184664064;D;0.116632970;OP_READ;17091;131072
1;0;184664064;C;0.116914189;OP_READ;17091;131072
0;1;184795136;D;0.116986124;OP_READ;17091;131072
1;0;184795136;C;0.117264572;OP_READ;17091;131072
0;1;184926208;D;0.117340841;OP_READ;17091;131072
1;0;184926208;C;0.117633893;OP_READ;17091;131072
0;1;185057280;D;0.117693840;OP_READ;17091;131072
1;0;185057280;C;0.117973372;OP_READ;17091;131072
0;1;185188352;D;0.118045356;OP_READ;17091;131072
1;0;185188352;C;0.118323034;OP_READ;17091;131072
0;1;185319424;D;0.118398190;OP_READ;17091;131072
1;0;185319424;C;0.118678721;OP_READ;17091;131072
0;1;185450496;D;0.118750845;OP_READ;17091;131072
1;0;185450496;C;0.119030151;OP_READ;17091;131072
0;1;185581568;D;0.119103179;OP_READ;17091;131072
1;0;185581568;C;0.119381482;OP_READ;17091;131072
0;1;185712640;D;0.119458171;OP_READ;17091;131072
1;0;185712640;C;0.119739015;OP_READ;17091;131072
0;1;185843712;D;0.119811339;OP_READ;17091;131072
1;0;185843712;C;0.120091023;OP_READ;17091;131072
0;1;185974784;D;0.120164272;OP_READ;17091;131072
1;0;185974784;C;0.120441601;OP_READ;17091;131072
0;1;186105856;D;0.120517406;OP_READ;17091;131072
1;0;186105856;C;0.120798149;OP_READ;17091;131072
0;1;186236928;D;0.120869983;OP_READ;17091;131072
1;0;186236928;C;0.121149076;OP_READ;17091;131072
0;1;186368000;D;0.121222672;OP_READ;17091;131072
1;0;186368000;C;0.121501480;OP_READ;17091;131072
0;1;186499072;D;0.121575282;OP_READ;17091;131072
1;0;186499072;C;0.121854610;OP_READ;17091;131072
0;1;186630144;D;0.121927443;OP_READ;17091;131072
1;0;186630144;C;0.122206407;OP_READ;17091;131072
0;1;186761216;D;0.122279501;OP_READ;17091;131072
1;0;186761216;C;0.122557709;OP_READ;17091;131072
0;1;186892288;D;0.122631500;OP_READ;17091;131072
1;0;186892288;C;0.122912820;OP_READ;17091;131072
0;1;187023360;D;0.122983377;OP_READ;17091;131072
1;0;187023360;C;0.123262514;OP_READ;17091;131072
0;1;187154432;D;0.123339049;OP_READ;17091;131072
1;0;187154432;C;0.123637604;OP_READ;17091;131072
0;1;187285504;D;0.123706621;OP_READ;17091;131072
1;0;187285504;C;0.123984957;OP_READ;17091;131072
0;1;187416576;D;0.124058183;OP_READ;17091;131072
1;0;187416576;C;0.124335788;OP_READ;17091;131072
0;1;187547648;D;0.124409910;OP_READ;17091;131072
1;0;187547648;C;0.124690343;OP_READ;17091;131072
0;1;187678720;D;0.124761843;OP_READ;17091;131072
1;0;187678720;C;0.125040383;OP_READ;17091;131072
0;1;187809792;D;0.125113532;OP_READ;17091;131072
1;0;187809792;C;0.125391569;OP_READ;17091;131072
0;1;187940864;D;0.125465730;OP_READ;17091;131072
1;0;187940864;C;0.125746931;OP_READ;17091;131072
0;1;188071936;D;0.125818774;OP_READ;17091;131072
1;0;188071936;C;0.126096926;OP_READ;17091;131072
0;1;188203008;D;0.126170908;OP_READ;17091;131072
1;0;188203008;C;0.126448168;OP_READ;17091;131072
0;1;188334080;D;0.126523367;OP_READ;17091;131072
1;0;188334080;C;0.126803071;OP_READ;17091;131072
0;1;188465152;D;0.126875267;OP_READ;17091;131072
1;0;188465152;C;0.127153695;OP_READ;17091;131072
0;1;188596224;D;0.127227916;OP_READ;17091;131072
1;0;188596224;C;0.127506428;OP_READ;17091;131072
0;1;188727296;D;0.127582315;OP_READ;17091;131072
1;0;188727296;C;0.127864119;OP_READ;17091;131072
0;1;188858368;D;0.127934128;OP_READ;17091;131072
1;0;188858368;C;0.128212142;OP_READ;17091;131072
0;1;188989440;D;0.128289433;OP_READ;17091;131072
1;0;188989440;C;0.128566759;OP_READ;17091;131072
0;1;189120512;D;0.128640908;OP_READ;17091;131072
1;0;189120512;C;0.128921368;OP_READ;17091;131072
0;1;189251584;D;0.128991997;OP_READ;17091;131072
1;0;189251584;C;0.129270269;OP_READ;17091;131072
0;1;189382656;D;0.129343137;OP_READ;17091;131072
1;0;189382656;C;0.129634837;OP_READ;17091;131072
0;1;189513728;D;0.129695628;OP_READ;17091;131072
1;0;189513728;C;0.129975918;OP_READ;17091;131072
0;1;189644800;D;0.130047449;OP_READ;17091;131072
1;0;189644800;C;0.130325606;OP_READ;17091;131072
0;1;189775872;D;0.130399782;OP_READ;17091;131072
1;0;189775872;C;0.130680854;OP_READ;17091;131072
0;1;189906944;D;0.130752510;OP_READ;17091;131072
1;0;189906944;C;0.131034686;OP_READ;17091;131072
0;1;190038016;D;0.131104894;OP_READ;17091;131072
1;0;190038016;C;0.131384924;OP_READ;17091;131072
0;1;190169088;D;0.131463215;OP_READ;17091;131072
1;0;190169088;C;0.131744630;OP_READ;17091;131072
0;1;190300160;D;0.131815476;OP_READ;17091;131072
1;0;190300160;C;0.132095314;OP_READ;17091;131072
0;1;190431232;D;0.132167033;OP_READ;17091;131072
1;0;190431232;C;0.132445154;OP_READ;17091;131072
0;1;190562304;D;0.132518753;OP_READ;17091;131072
1;0;190562304;C;0.132799541;OP_READ;17091;131072
0;1;190693376;D;0.132870537;OP_READ;17091;131072
1;0;190693376;C;0.133149603;OP_READ;17091;131072
0;1;190824448;D;0.133222753;OP_READ;17091;131072
1;0;190824448;C;0.133500363;OP_READ;17091;131072
0;1;190955520;D;0.133573888;OP_READ;17091;131072
1;0;190955520;C;0.133855737;OP_READ;17091;131072
0;1;191086592;D;0.133940964;OP_READ;17091;131072
1;0;191086592;C;0.134219120;OP_READ;17091;131072
0;1;191217664;D;0.134292385;OP_READ;17091;131072
1;0;191217664;C;0.134570137;OP_READ;17091;131072
0;1;191348736;D;0.134644209;OP_READ;17091;131072
1;0;191348736;C;0.134925251;OP_READ;17091;131072
0;1;191479808;D;0.134995641;OP_READ;17091;131072
1;0;191479808;C;0.135273778;OP_READ;17091;131072
0;1;191610880;D;0.135349986;OP_READ;17091;131072
1;0;191610880;C;0.135634994;OP_READ;17091;131072
0;1;191741952;D;0.135703153;OP_READ;17091;131072
1;0;191741952;C;0.135981556;OP_READ;17091;131072
0;1;191873024;D;0.136058028;OP_READ;17091;131072
1;0;191873024;C;0.136335366;OP_READ;17091;131072
0;1;192004096;D;0.136409896;OP_READ;17091;131072
1;0;192004096;C;0.136690098;OP_READ;17091;131072
0;1;192135168;D;0.136761864;OP_READ;17091;131072
1;0;192135168;C;0.137042464;OP_READ;17091;131072
0;1;192266240;D;0.137113497;OP_READ;17091;131072
1;0;192266240;C;0.137391466;OP_READ;17091;131072
0;1;192397312;D;0.137465210;OP_READ;17091;131072
1;0;192397312;C;0.137743956;OP_READ;17091;131072
0;1;192528384;D;0.137816239;OP_READ;17091;131072
1;0;192528384;C;0.138095162;OP_READ;17091;131072
0;1;192659456;D;0.138169532;OP_READ;17091;131072
1;0;192659456;C;0.138446910;OP_READ;17091;131072
0;1;192790528;D;0.138521044;OP_READ;17091;131072
1;0;192790528;C;0.138802213;OP_READ;17091;131072
0;1;192921600;D;0.138876570;OP_READ;17091;131072
1;0;192921600;C;0.139154327;OP_READ;17091;131072
0;1;193052672;D;0.139228265;OP_READ;17091;131072
1;0;193052672;C;0.139506061;OP_READ;17091;131072
0;1;193183744;D;0.139582566;OP_READ;17091;131072
1;0;193183744;C;0.139863979;OP_READ;17091;131072
0;1;193314816;D;0.139935287;OP_READ;17091;131072
1;0;193314816;C;0.140213682;OP_READ;17091;131072
0;1;193445888;D;0.140287189;OP_READ;17091;131072
1;0;193445888;C;0.140564951;OP_READ;17091;131072
0;1;193576960;D;0.140638558;OP_READ;17091;131072
1;0;193576960;C;0.140919421;OP_READ;17091;131072
0;1;193708032;D;0.140988382;OP_READ;17091;131072
1;0;193708032;C;0.141269692;OP_READ;17091;131072
0;1;193839104;D;0.141338359;OP_READ;17091;131072
1;2;193970176;D;0.141685209;OP_READ;17091;131072
2;1;193839104;C;0.141931692;OP_READ;0;131072
1;0;193970176;C;0.142210525;OP_READ;17091;131072
0;1;194101248;D;0.142286434;OP_READ;17091;131072
1;0;194101248;C;0.142564656;OP_READ;17091;131072
0;1;194232320;D;0.142636517;OP_READ;17091;131072
1;0;194232320;C;0.142916926;OP_READ;17091;131072
0;1;194363392;D;0.142986848;OP_READ;17091;131072
1;0;194363392;C;0.143266205;OP_READ;17091;131072
0;1;194494464;D;0.143342722;OP_READ;17091;131072
1;0;194494464;C;0.143634382;OP_READ;17091;131072
0;1;194625536;D;0.143694303;OP_READ;17091;131072
1;0;194625536;C;0.143973095;OP_READ;17091;131072
0;1;194756608;D;0.144058243;OP_READ;17091;131072
1;0;194756608;C;0.144335760;OP_READ;17091;131072
0;1;194887680;D;0.144408908;OP_READ;17091;131072
1;0;194887680;C;0.144688533;OP_READ;17091;131072
0;1;195018752;D;0.144758600;OP_READ;17091;131072
1;0;195018752;C;0.145036253;OP_READ;17091;131072
0;1;195149824;D;0.145109173;OP_READ;17091;131072
1;0;195149824;C;0.145386883;OP_READ;17091;131072
0;1;195280896;D;0.145459766;OP_READ;17091;131072
1;0;195280896;C;0.145740627;OP_READ;17091;131072
0;1;195411968;D;0.145810755;OP_READ;17091;131072
1;0;195411968;C;0.146090079;OP_READ;17091;131072
0;1;195543040;D;0.146161423;OP_READ;17091;131072
1;0;195543040;C;0.146439983;OP_READ;17091;131072
0;1;195674112;D;0.146511312;OP_READ;17091;131072
1;0;195674112;C;0.146792902;OP_READ;17091;131072
0;1;195805184;D;0.146860670;OP_READ;17091;131072
1;0;195805184;C;0.147138636;OP_READ;17091;131072
0;1;195936256;D;0.147210464;OP_READ;17091;131072
1;0;195936256;C;0.147488286;OP_READ;17091;131072
0;1;196067328;D;0.147564416;OP_READ;17091;131072
1;0;196067328;C;0.147844603;OP_READ;17091;131072
0;1;196198400;D;0.147913674;OP_READ;17091;131072
1;0;196198400;C;0.148191725;OP_READ;17091;131072
0;1;196329472;D;0.148263727;OP_READ;17091;131072
1;0;196329472;C;0.148540971;OP_READ;17091;131072
0;1;196460544;D;0.148614067;OP_READ;17091;131072
1;0;196460544;C;0.148893200;OP_READ;17091;131072
0;1;196591616;D;0.148964736;OP_READ;17091;131072
1;0;196591616;C;0.149243548;OP_READ;17091;131072
0;1;196722688;D;0.149314163;OP_READ;17091;131072
1;0;196722688;C;0.149592234;OP_READ;17091;131072
0;1;196853760;D;0.149664159;OP_READ;17091;131072
1;0;196853760;C;0.149944548;OP_READ;17091;131072
0;1;196984832;D;0.150015817;OP_READ;17091;131072
1;0;196984832;C;0.150295220;OP_READ;17091;131072
0;1;197115904;D;0.150365946;OP_READ;17091;131072
1;0;197115904;C;0.150647102;OP_READ;17091;131072
0;1;197246976;D;0.150715333;OP_READ;17091;131072
1;0;197246976;C;0.150994038;OP_READ;17091;131072
0;1;197378048;D;0.151065855;OP_READ;17091;131072
1;0;197378048;C;0.151343491;OP_READ;17091;131072
0;1;197509120;D;0.151417464;OP_READ;17091;131072
1;0;197509120;C;0.151697273;OP_READ;17091;131072
0;1;197640192;D;0.151767877;OP_READ;17091;131072
1;0;197640192;C;0.152046330;OP_READ;17091;131072
0;1;197771264;D;0.152117912;OP_READ;17091;131072
1;0;197771264;C;0.152395319;OP_READ;17091;131072
0;1;197902336;D;0.152466987;OP_READ;17091;131072
1;0;197902336;C;0.152746775;OP_READ;17091;131072
0;1;198033408;D;0.152818000;OP_READ;17091;131072
1;0;198033408;C;0.153095600;OP_READ;17091;131072
0;1;198164480;D;0.153167829;OP_READ;17091;131072
1;0;198164480;C;0.153445890;OP_READ;17091;131072
0;1;198295552;D;0.153517648;OP_READ;17091;131072
1;0;198295552;C;0.153799628;OP_READ;17091;131072
0;1;198426624;D;0.153882481;OP_READ;17091;131072
1;0;198426624;C;0.154159911;OP_READ;17091;131072
0;1;198557696;D;0.154233025;OP_READ;17091;131072
1;0;198557696;C;0.154510959;OP_READ;17091;131072
0;1;198688768;D;0.154582439;OP_READ;17091;131072
1;0;198688768;C;0.154864427;OP_READ;17091;131072
0;1;198819840;D;0.154931824;OP_READ;17091;131072
1;0;198819840;C;0.155211326;OP_READ;17091;131072
0;1;198950912;D;0.155286141;OP_READ;17091;131072
1;0;198950912;C;0.155563671;OP_READ;17091;131072
0;1;199081984;D;0.155676905;OP_READ;17091;131072
1;0;199081984;C;0.155957663;OP_READ;17091;131072
0;1;199213056;D;0.156026672;OP_READ;17091;131072
1;0;199213056;C;0.156305914;OP_READ;17091;131072
0;1;199344128;D;0.156376042;OP_READ;17091;131072
1;0;199344128;C;0.156656709;OP_READ;17091;131072
0;1;199475200;D;0.156725790;OP_READ;17091;131072
1;0;199475200;C;0.157003412;OP_READ;17091;131072
0;1;199606272;D;0.157075844;OP_READ;17091;131072
1;0;199606272;C;0.157353626;OP_READ;17091;131072
0;1;199737344;D;0.157425299;OP_READ;17091;131072
1;0;199737344;C;0.157704843;OP_READ;17091;131072
0;1;199868416;D;0.157776623;OP_READ;17091;131072
1;0;199868416;C;0.158055092;OP_READ;17091;131072
0;1;199999488;D;0.158125940;OP_READ;17091;131072
1;0;199999488;C;0.158403300;OP_READ;17091;131072
0;1;200130560;D;0.158474348;OP_READ;17091;131072
1;0;200130560;C;0.158753979;OP_READ;17091;131072
0;1;200261632;D;0.158824010;OP_READ;17091;131072
1;0;200261632;C;0.159102265;OP_READ;17091;131072
0;1;200392704;D;0.159173539;OP_READ;17091;131072
1;0;200392704;C;0.159450551;OP_READ;17091;131072
0;1;200523776;D;0.159525697;OP_READ;17091;131072
1;0;200523776;C;0.159804879;OP_READ;17091;131072
0;1;200654848;D;0.159875916;OP_READ;17091;131072
1;0;200654848;C;0.160153057;OP_READ;17091;131072
0;1;200785920;D;0.160225557;OP_READ;17091;131072
1;0;200785920;C;0.160503037;OP_READ;17091;131072
0;1;200916992;D;0.160604716;OP_READ;17091;131072
1;0;200916992;C;0.160888512;OP_READ;17091;131072
0;1;201048064;D;0.161065618;OP_READ;17091;131072
1;0;201048064;C;0.161344608;OP_READ;17091;131072
0;1;201179136;D;0.161449218;OP_READ;17091;131072
1;0;201179136;C;0.161728497;OP_READ;17091;131072
0;1;201310208;D;0.161799436;OP_READ;17091;131072
1;0;201310208;C;0.162077844;OP_READ;17091;131072
0;1;201441280;D;0.162149484;OP_READ;17091;131072
1;0;201441280;C;0.162426475;OP_READ;17091;131072
0;1;201572352;D;0.162499464;OP_READ;17091;131072
1;0;201572352;C;0.162780135;OP_READ;17091;131072
0;1;201703424;D;0.162850066;OP_READ;17091;131072
1;0;201703424;C;0.163129402;OP_READ;17091;131072
0;1;201834496;D;0.163200042;OP_READ;17091;131072
1;0;201834496;C;0.163477654;OP_READ;17091;131072
0;1;201965568;D;0.163554749;OP_READ;17091;131072
1;0;201965568;C;0.163834546;OP_READ;17091;131072
0;1;202096640;D;0.163904445;OP_READ;17091;131072
1;0;202096640;C;0.164189274;OP_READ;17091;131072
0;1;202227712;D;0.164269501;OP_READ;17091;131072
1;0;202227712;C;0.164546574;OP_READ;17091;131072
0;1;202358784;D;0.164618871;OP_READ;17091;131072
1;0;202358784;C;0.164897695;OP_READ;17091;131072
0;1;202489856;D;0.164974234;OP_READ;17091;131072
1;0;202489856;C;0.165254595;OP_READ;17091;131072
0;1;202620928;D;0.165324408;OP_READ;17091;131072
1;0;202620928;C;0.165602126;OP_READ;17091;131072
0;1;202752000;D;0.165674593;OP_READ;17091;131072
1;0;202752000;C;0.165954437;OP_READ;17091;131072
0;1;202883072;D;0.166023823;OP_READ;17091;131072
1;0;202883072;C;0.166301824;OP_READ;17091;131072
0;1;203014144;D;0.166373840;OP_READ;17091;131072
1;0;203014144;C;0.166653342;OP_READ;17091;131072
0;1;203145216;D;0.166725033;OP_READ;17091;131072
1;0;203145216;C;0.167003988;OP_READ;17091;131072
0;1;203276288;D;0.167073043;OP_READ;17091;131072
1;0;203276288;C;0.167350815;OP_READ;17091;131072
0;1;203407360;D;0.167431796;OP_READ;17091;131072
1;0;203407360;C;0.167712610;OP_READ;17091;131072
0;1;203538432;D;0.167792467;OP_READ;17091;131072
1;0;203538432;C;0.168071068;OP_READ;17091;131072
0;1;203669504;D;0.168145210;OP_READ;17091;131072
1;0;203669504;C;0.168423122;OP_READ;17091;131072
0;1;203800576;D;0.168495538;OP_READ;17091;131072
1;0;203800576;C;0.168773905;OP_READ;17091;131072
0;1;203931648;D;0.168845660;OP_READ;17091;131072
1;0;203931648;C;0.169124011;OP_READ;17091;131072
0;1;204062720;D;0.169196717;OP_READ;17091;131072
1;0;204062720;C;0.169474362;OP_READ;17091;131072
0;1;204193792;D;0.169547452;OP_READ;17091;131072
1;0;204193792;C;0.169826829;OP_READ;17091;131072
0;1;204324864;D;0.169897295;OP_READ;17091;131072
1;0;204324864;C;0.170176215;OP_READ;17091;131072
0;1;204455936;D;0.170247363;OP_READ;17091;131072
1;0;204455936;C;0.170524985;OP_READ;17091;131072
0;1;204587008;D;0.170597338;OP_READ;17091;131072
1;0;204587008;C;0.170878650;OP_READ;17091;131072
0;1;204718080;D;0.170947290;OP_READ;17091;131072
1;0;204718080;C;0.171225544;OP_READ;17091;131072
0;1;204849152;D;0.171298677;OP_READ;17091;131072
1;0;204849152;C;0.171576501;OP_READ;17091;131072
0;1;204980224;D;0.171652080;OP_READ;17091;131072
1;0;204980224;C;0.171933676;OP_READ;17091;131072
0;1;205111296;D;0.172002327;OP_READ;17091;131072
1;0;205111296;C;0.172281258;OP_READ;17091;131072
0;1;205242368;D;0.172351679;OP_READ;17091;131072
1;0;205242368;C;0.172640805;OP_READ;17091;131072
0;1;205373440;D;0.172701449;OP_READ;17091;131072
1;0;205373440;C;0.172980233;OP_READ;17091;131072
0;1;205504512;D;0.173052639;OP_READ;17091;131072
1;0;205504512;C;0.173331018;OP_READ;17091;131072
0;1;205635584;D;0.173402690;OP_READ;17091;131072
1;0;205635584;C;0.173681956;OP_READ;17091;131072
0;1;205766656;D;0.173752559;OP_READ;17091;131072
1;0;205766656;C;0.174031254;OP_READ;17091;131072
0;1;205897728;D;0.174117640;OP_READ;17091;131072
1;0;205897728;C;0.174396192;OP_READ;17091;131072
0;1;206028800;D;0.174467551;OP_READ;17091;131072
1;0;206028800;C;0.174746653;OP_READ;17091;131072
0;1;206159872;D;0.174817009;OP_READ;17091;131072
1;0;206159872;C;0.175099304;OP_READ;17091;131072
0;1;206290944;D;0.175166583;OP_READ;17091;131072
1;0;206290944;C;0.175443885;OP_READ;17091;131072
0;1;206422016;D;0.175518490;OP_READ;17091;131072
1;0;206422016;C;0.175799627;OP_READ;17091;131072
0;1;206553088;D;0.175868330;OP_READ;17091;131072
1;0;206553088;C;0.176146231;OP_READ;17091;131072
0;1;206684160;D;0.176217435;OP_READ;17091;131072
1;0;206684160;C;0.176494397;OP_READ;17091;131072
0;1;206815232;D;0.176567196;OP_READ;17091;131072
1;0;206815232;C;0.176845728;OP_READ;17091;131072
0;1;206946304;D;0.176916679;OP_READ;17091;131072
1;0;206946304;C;0.177194779;OP_READ;17091;131072
0;1;207077376;D;0.177265909;OP_READ;17091;131072
1;0;207077376;C;0.177545833;OP_READ;17091;131072
0;1;207208448;D;0.177615764;OP_READ;17091;131072
1;0;207208448;C;0.177896073;OP_READ;17091;131072
0;1;207339520;D;0.177965353;OP_READ;17091;131072
1;0;207339520;C;0.178245291;OP_READ;17091;131072
0;1;207470592;D;0.178314538;OP_READ;17091;131072
1;0;207470592;C;0.178592302;OP_READ;17091;131072
0;1;207601664;D;0.178663777;OP_READ;17091;131072
1;0;207601664;C;0.178944769;OP_READ;17091;131072
0;1;207732736;D;0.179013294;OP_READ;17091;131072
1;0;207732736;C;0.179292587;OP_READ;17091;131072
0;1;207863808;D;0.179365478;OP_READ;17091;131072
1;0;207863808;C;0.179646286;OP_READ;17091;131072
0;1;207994880;D;0.179715744;OP_READ;17091;131072
1;0;207994880;C;0.179994390;OP_READ;17091;131072
0;1;208125952;D;0.180065217;OP_READ;17091;131072
1;0;208125952;C;0.180343269;OP_READ;17091;131072
0;1;208257024;D;0.180414876;OP_READ;17091;131072
1;0;208257024;C;0.180695079;OP_READ;17091;131072
0;1;208388096;D;0.180764508;OP_READ;17091;131072
1;0;208388096;C;0.181042721;OP_READ;17091;131072
0;1;208519168;D;0.181113859;OP_READ;17091;131072
1;0;208519168;C;0.181391985;OP_READ;17091;131072
0;1;208650240;D;0.181463646;OP_READ;17091;131072
1;0;208650240;C;0.181746045;OP_READ;17091;131072
0;1;208781312;D;0.181812742;OP_READ;17091;131072
1;0;208781312;C;0.182090320;OP_READ;17091;131072
0;1;208912384;D;0.182163859;OP_READ;17091;131072
1;0;208912384;C;0.182441271;OP_READ;17091;131072
0;1;209043456;D;0.182514661;OP_READ;17091;131072
1;0;209043456;C;0.182794640;OP_READ;17091;131072
0;1;209174528;D;0.182864274;OP_READ;17091;131072
1;0;209174528;C;0.183143326;OP_READ;17091;131072
0;1;209305600;D;0.183213600;OP_READ;17091;131072
1;0;209305600;C;0.183491916;OP_READ;17091;131072
0;1;209436672;D;0.183566513;OP_READ;17091;131072
1;0;209436672;C;0.183845100;OP_READ;17091;131072
0;1;209567744;D;0.183916902;OP_READ;17091;131072
1;0;209567744;C;0.184195869;OP_READ;17091;131072
0;1;209698816;D;0.184280700;OP_READ;17091;131072
1;0;209698816;C;0.184559322;OP_READ;17091;131072
0;1;209829888;D;0.184629768;OP_READ;17091;131072
1;0;209829888;C;0.184914811;OP_READ;17091;131072
0;1;209960960;D;0.184979989;OP_READ;17091;131072
1;0;209960960;C;0.185256874;OP_READ;17091;131072
0;1;210092032;D;0.185331038;OP_READ;17091;131072
1;0;210092032;C;0.185608446;OP_READ;17091;131072
0;1;210223104;D;0.185680310;OP_READ;17091;131072
1;0;210223104;C;0.185960238;OP_READ;17091;131072
0;1;210354176;D;0.186029988;OP_READ;17091;131072
1;0;210354176;C;0.186308114;OP_READ;17091;131072
0;1;210485248;D;0.186380381;OP_READ;17091;131072
1;0;210485248;C;0.186659955;OP_READ;17091;131072
0;1;210616320;D;0.186729548;OP_READ;17091;131072
1;0;210616320;C;0.187007723;OP_READ;17091;131072
0;1;210747392;D;0.187080293;OP_READ;17091;131072
1;0;210747392;C;0.187358717;OP_READ;17091;131072
0;1;210878464;D;0.187431125;OP_READ;17091;131072
1;0;210878464;C;0.187712329;OP_READ;17091;131072
0;1;211009536;D;0.187781358;OP_READ;17091;131072
1;0;211009536;C;0.188059129;OP_READ;17091;131072
0;1;211140608;D;0.188130762;OP_READ;17091;131072
1;0;211140608;C;0.188407455;OP_READ;17091;131072
0;1;211271680;D;0.188479946;OP_READ;17091;131072
1;0;211271680;C;0.188760142;OP_READ;17091;131072
0;1;211402752;D;0.188829509;OP_READ;17091;131072
1;0;211402752;C;0.189107256;OP_READ;17091;131072
0;1;211533824;D;0.189178315;OP_READ;17091;131072
1;0;211533824;C;0.189455204;OP_READ;17091;131072
0;1;211664896;D;0.189527233;OP_READ;17091;131072
1;0;211664896;C;0.189806269;OP_READ;17091;131072
0;1;211795968;D;0.189876482;OP_READ;17091;131072
1;0;211795968;C;0.190154459;OP_READ;17091;131072
0;1;211927040;D;0.190225754;OP_READ;17091;131072
1;0;211927040;C;0.190503793;OP_READ;17091;131072
0;1;212058112;D;0.190574367;OP_READ;17091;131072
1;0;212058112;C;0.190854658;OP_READ;17091;131072
0;1;212189184;D;0.190923707;OP_READ;17091;131072
1;0;212189184;C;0.191202825;OP_READ;17091;131072
0;1;212320256;D;0.191273664;OP_READ;17091;131072
1;0;212320256;C;0.191551571;OP_READ;17091;131072
0;1;212451328;D;0.191624792;OP_READ;17091;131072
1;0;212451328;C;0.191905178;OP_READ;17091;131072
0;1;212582400;D;0.191973434;OP_READ;17091;131072
1;0;212582400;C;0.192252154;OP_READ;17091;131072
0;1;212713472;D;0.192322321;OP_READ;17091;131072
1;0;212713472;C;0.192600263;OP_READ;17091;131072
0;1;212844544;D;0.192673555;OP_READ;17091;131072
1;0;212844544;C;0.192954455;OP_READ;17091;131072
0;1;212975616;D;0.193025297;OP_READ;17091;131072
1;0;212975616;C;0.193304739;OP_READ;17091;131072
0;1;213106688;D;0.193374937;OP_READ;17091;131072
1;0;213106688;C;0.193656879;OP_READ;17091;131072
0;1;213237760;D;0.193724411;OP_READ;17091;131072
1;0;213237760;C;0.194002848;OP_READ;17091;131072
0;1;213368832;D;0.194074321;OP_READ;17091;131072
1;0;213368832;C;0.194352006;OP_READ;17091;131072
0;1;213499904;D;0.194424174;OP_READ;17091;131072
1;0;213499904;C;0.194706079;OP_READ;17091;131072
0;1;213630976;D;0.194773341;OP_READ;17091;131072
1;0;213630976;C;0.195052724;OP_READ;17091;131072
0;1;213762048;D;0.195122637;OP_READ;17091;131072
1;0;213762048;C;0.195400419;OP_READ;17091;131072
0;1;213893120;D;0.195474962;OP_READ;17091;131072
1;0;213893120;C;0.195758181;OP_READ;17091;131072
0;1;214024192;D;0.195824504;OP_READ;17091;131072
1;0;214024192;C;0.196103872;OP_READ;17091;131072
0;1;214155264;D;0.196174725;OP_READ;17091;131072
1;0;214155264;C;0.196453071;OP_READ;17091;131072
0;1;214286336;D;0.196523706;OP_READ;17091;131072
1;0;214286336;C;0.196804585;OP_READ;17091;131072
0;1;214417408;D;0.196872474;OP_READ;17091;131072
1;0;214417408;C;0.197149879;OP_READ;17091;131072
0;1;214548480;D;0.197223018;OP_READ;17091;131072
1;0;214548480;C;0.197500205;OP_READ;17091;131072
0;1;214679552;D;0.197572715;OP_READ;17091;131072
1;0;214679552;C;0.197853126;OP_READ;17091;131072
0;1;214810624;D;0.197922190;OP_READ;17091;131072
1;0;214810624;C;0.198199926;OP_READ;17091;131072
0;1;214941696;D;0.198270089;OP_READ;17091;131072
1;0;214941696;C;0.198547848;OP_READ;17091;131072
0;1;215072768;D;0.198622361;OP_READ;17091;131072
1;0;215072768;C;0.198903126;OP_READ;17091;131072
0;1;215203840;D;0.198978567;OP_READ;17091;131072
1;0;215203840;C;0.199257601;OP_READ;17091;131072
0;1;215334912;D;0.199331492;OP_READ;17091;131072
1;0;215334912;C;0.199608828;OP_READ;17091;131072
0;1;215465984;D;0.199681197;OP_READ;17091;131072
1;0;215465984;C;0.199960847;OP_READ;17091;131072
0;1;215597056;D;0.200030407;OP_READ;17091;131072
1;0;215597056;C;0.200311444;OP_READ;17091;131072
0;1;215728128;D;0.200379650;OP_READ;17091;131072
1;0;215728128;C;0.200663444;OP_READ;17091;131072
0;1;215859200;D;0.200729286;OP_READ;17091;131072
1;0;215859200;C;0.201007802;OP_READ;17091;131072
0;1;215990272;D;0.201078935;OP_READ;17091;131072
1;0;215990272;C;0.201356636;OP_READ;17091;131072
0;1;216121344;D;0.201428949;OP_READ;17091;131072
1;0;216121344;C;0.201709692;OP_READ;17091;131072
0;1;216252416;D;0.201778329;OP_READ;17091;131072
1;0;216252416;C;0.202056908;OP_READ;17091;131072
0;1;216383488;D;0.202127432;OP_READ;17091;131072
1;0;216383488;C;0.202405281;OP_READ;17091;131072
0;1;216514560;D;0.202477844;OP_READ;17091;131072
1;0;216514560;C;0.202760628;OP_READ;17091;131072
0;1;216645632;D;0.202826839;OP_READ;17091;131072
1;0;216645632;C;0.203105782;OP_READ;17091;131072
0;1;216776704;D;0.203176735;OP_READ;17091;131072
1;2;216907776;D;0.203527105;OP_READ;17091;131072
2;1;216776704;C;0.203851344;OP_READ;0;131072
1;0;216907776;C;0.204162469;OP_READ;17091;131072
0;1;217038848;D;0.204205495;OP_READ;17091;131072
1;0;217038848;C;0.204483856;OP_READ;17091;131072
0;1;217169920;D;0.204555520;OP_READ;17091;131072
1;0;217169920;C;0.204835091;OP_READ;17091;131072
0;1;217300992;D;0.204904575;OP_READ;17091;131072
1;0;217300992;C;0.205182727;OP_READ;17091;131072
0;1;217432064;D;0.205254654;OP_READ;17091;131072
1;0;217432064;C;0.205532762;OP_READ;17091;131072
0;1;217563136;D;0.205603767;OP_READ;17091;131072
1;0;217563136;C;0.205883205;OP_READ;17091;131072
0;1;217694208;D;0.205952959;OP_READ;17091;131072
1;0;217694208;C;0.206229904;OP_READ;17091;131072
0;1;217825280;D;0.206302800;OP_READ;17091;131072
1;0;217825280;C;0.206579893;OP_READ;17091;131072
0;1;217956352;D;0.206652303;OP_READ;17091;131072
1;0;217956352;C;0.206932285;OP_READ;17091;131072
0;1;218087424;D;0.207001012;OP_READ;17091;131072
1;0;218087424;C;0.207280144;OP_READ;17091;131072
0;1;218218496;D;0.207355176;OP_READ;17091;131072
1;0;218218496;C;0.207642916;OP_READ;17091;131072
0;1;218349568;D;0.207704007;OP_READ;17091;131072
1;0;218349568;C;0.207982416;OP_READ;17091;131072
0;1;218480640;D;0.208053587;OP_READ;17091;131072
1;0;218480640;C;0.208330495;OP_READ;17091;131072
0;1;218611712;D;0.208402122;OP_READ;17091;131072
1;0;218611712;C;0.208684455;OP_READ;17091;131072
0;1;218742784;D;0.208751860;OP_READ;17091;131072
1;0;218742784;C;0.209030778;OP_READ;17091;131072
0;1;218873856;D;0.209100526;OP_READ;17091;131072
1;0;218873856;C;0.209377488;OP_READ;17091;131072
0;1;219004928;D;0.209449858;OP_READ;17091;131072
1;0;219004928;C;0.209730148;OP_READ;17091;131072
0;1;219136000;D;0.209799394;OP_READ;17091;131072
1;0;219136000;C;0.210077366;OP_READ;17091;131072
0;1;219267072;D;0.210149265;OP_READ;17091;131072
1;0;219267072;C;0.210426929;OP_READ;17091;131072
0;1;219398144;D;0.210499163;OP_READ;17091;131072
1;0;219398144;C;0.210780909;OP_READ;17091;131072
0;1;219529216;D;0.210903652;OP_READ;17091;131072
1;0;219529216;C;0.211182269;OP_READ;17091;131072
0;1;219660288;D;0.211372750;OP_READ;17091;131072
1;0;219660288;C;0.211653032;OP_READ;17091;131072
0;1;219791360;D;0.211724011;OP_READ;17091;131072
1;0;219791360;C;0.212003883;OP_READ;17091;131072
0;1;219922432;D;0.212074003;OP_READ;17091;131072
1;0;219922432;C;0.212355427;OP_READ;17091;131072
0;1;220053504;D;0.212423718;OP_READ;17091;131072
1;0;220053504;C;0.212704293;OP_READ;17091;131072
0;1;220184576;D;0.212772762;OP_READ;17091;131072
1;0;220184576;C;0.213051806;OP_READ;17091;131072
0;1;220315648;D;0.213121764;OP_READ;17091;131072
1;0;220315648;C;0.213399814;OP_READ;17091;131072
0;1;220446720;D;0.213471310;OP_READ;17091;131072
1;0;220446720;C;0.213751257;OP_READ;17091;131072
0;1;220577792;D;0.213820526;OP_READ;17091;131072
1;0;220577792;C;0.214098537;OP_READ;17091;131072
0;1;220708864;D;0.214169284;OP_READ;17091;131072
1;0;220708864;C;0.214445903;OP_READ;17091;131072
0;1;220839936;D;0.214520979;OP_READ;17091;131072
1;0;220839936;C;0.214802358;OP_READ;17091;131072
0;1;220971008;D;0.214870407;OP_READ;17091;131072
1;0;220971008;C;0.215148909;OP_READ;17091;131072
0;1;221102080;D;0.215219752;OP_READ;17091;131072
1;0;221102080;C;0.215497600;OP_READ;17091;131072
0;1;221233152;D;0.215572801;OP_READ;17091;131072
1;0;221233152;C;0.215853211;OP_READ;17091;131072
0;1;221364224;D;0.215923405;OP_READ;17091;131072
1;0;221364224;C;0.216201947;OP_READ;17091;131072
0;1;221495296;D;0.216273078;OP_READ;17091;131072
1;0;221495296;C;0.216551572;OP_READ;17091;131072
0;1;221626368;D;0.216622729;OP_READ;17091;131072
1;0;221626368;C;0.216902782;OP_READ;17091;131072
0;1;221757440;D;0.216972749;OP_READ;17091;131072
1;0;221757440;C;0.217249971;OP_READ;17091;131072
0;1;221888512;D;0.217322299;OP_READ;17091;131072
1;0;221888512;C;0.217598728;OP_READ;17091;131072
0;1;222019584;D;0.217671581;OP_READ;17091;131072
1;0;222019584;C;0.217951480;OP_READ;17091;131072
0;1;222150656;D;0.218021893;OP_READ;17091;131072
1;0;222150656;C;0.218300748;OP_READ;17091;131072
0;1;222281728;D;0.218372694;OP_READ;17091;131072
1;0;222281728;C;0.218652463;OP_READ;17091;131072
0;1;222412800;D;0.218721759;OP_READ;17091;131072
1;0;222412800;C;0.219001784;OP_READ;17091;131072
0;1;222543872;D;0.219071211;OP_READ;17091;131072
1;0;222543872;C;0.219348700;OP_READ;17091;131072
0;1;222674944;D;0.219423505;OP_READ;17091;131072
1;0;222674944;C;0.219704326;OP_READ;0;131072
0;1;536924160;D;0.244181423;OP_WRITE;17036;8192
1;0;536924160;C;0.244279358;OP_WRITE;0;8192
0;1;536932352;D;0.244296901;OP_WRITE;150;4096
1;0;536932352;C;0.244324673;OP_WRITE;0;4096
0;1;397312;D;0.260245602;OP_WRITE;17092;4096
1;0;397312;C;0.260282168;OP_WRITE;17092;4096
0;1;335872;D;0.358868658;OP_READ;17096;4096
1;0;335872;C;0.358980705;OP_READ;0;4096
0;1;339968;D;0.358996022;OP_READ;17096;12288
1;0;339968;C;0.359116476;OP_READ;0;12288
0;1;278528;D;0.359138242;OP_READ;17096;16384
1;0;278528;C;0.359265513;OP_READ;0;16384
0;1;352256;D;0.359281371;OP_READ;17096;16384
1;2;368640;D;0.359292325;OP_READ;17096;28672
2;1;352256;C;0.359439606;OP_READ;0;16384
1;2;294912;D;0.359447627;OP_READ;17096;4096
2;3;303104;D;0.359448488;OP_READ;17096;8192
3;4;311296;D;0.359459713;OP_READ;17096;20480
4;3;368640;C;0.359494513;OP_READ;0;28672
3;2;294912;C;0.359598238;OP_READ;0;4096
2;1;303104;C;0.359616005;OP_READ;17096;8192
1;0;311296;C;0.359682467;OP_READ;17096;20480
