  7,0    0        1     0.000000000  2508  D RSM 33416 + 8 [dd]
  7,0    0        2     0.000006704  2475  C RSM 33416 + 8 [0]
  7,0    0        3     0.000012853  2508  D RSM 584 + 8 [dd]
  7,0    0        4     0.000014797  2475  C RSM 584 + 8 [0]
  7,0    0        5     0.000021856  2508  D  RS 656 + 8 [dd]
  7,0    0        6     0.000023448  2475  C  RS 656 + 8 [0]
  7,0    0        7     0.000024859  2508  D  RS 664 + 8 [dd]
  7,0    0        8     0.000026170  2475  C  RS 664 + 8 [0]
  7,0    0        9     0.000027604  2508  D  RS 672 + 8 [dd]
  7,0    0       10     0.000028980  2475  C  RS 672 + 8 [0]
  7,0    0       11     0.000030475  2508  D  RS 680 + 8 [dd]
  7,0    0       12     0.000032086  2475  C  RS 680 + 8 [0]
  7,0    0       13     0.000033543  2508  D  RS 688 + 8 [dd]
  7,0    0       14     0.000034925  2475  C  RS 688 + 8 [0]
  7,0    0       15     0.000036400  2508  D  RS 696 + 8 [dd]
  7,0    0       16     0.000037811  2475  C  RS 696 + 8 [0]
  7,0    0       17     0.000040051  2508  D  RS 704 + 8 [dd]
  7,0    0       18     0.000041481  2475  C  RS 704 + 8 [0]
  7,0    0       19     0.000042957  2508  D  RS 712 + 8 [dd]
  7,0    0       20     0.000044324  2475  C  RS 712 + 8 [0]
  7,0    0       21     0.000045837  2508  D  RS 720 + 8 [dd]
  7,0    0       22     0.000047311  2475  C  RS 720 + 8 [0]
  7,0    0       23     0.000048762  2508  D  RS 728 + 8 [dd]
  7,0    0       24     0.000050364  2475  C  RS 728 + 8 [0]
  7,0    0       25     0.000051813  2508  D  RS 736 + 8 [dd]
  7,0    0       26     0.000053143  2475  C  RS 736 + 8 [0]
  7,0    0       27     0.000054600  2508  D  RS 744 + 8 [dd]
  7,0    0       28     0.000055999  2475  C  RS 744 + 8 [0]
  7,0    0       29     0.000057362  2508  D  RS 752 + 8 [dd]
  7,0    0       30     0.000058744  2475  C  RS 752 + 8 [0]
  7,0    0       31     0.000060211  2508  D  RS 760 + 8 [dd]
  7,0    0       32     0.000061649  2475  C  RS 760 + 8 [0]
  7,0    0       33     0.000063085  2508  D  RS 768 + 8 [dd]
  7,0    0       34     0.000064645  2475  C  RS 768 + 8 [0]
  7,0    0       35     0.000066044  2508  D  RS 776 + 8 [dd]
  7,0    0       36     0.000067359  2475  C  RS 776 + 8 [0]
  7,0    0       37     0.000068779  2508  D  RS 784 + 8 [dd]
  7,0    0       38     0.000070156  2475  C  RS 784 + 8 [0]
  7,0    0       39     0.000071640  2508  D  RS 792 + 8 [dd]
  7,0    0       40     0.000072962  2475  C  RS 792 + 8 [0]
  7,0    0       41     0.000075820  2508  D  RS 800 + 8 [dd]
  7,0    0       42     0.000077306  2475  C  RS 800 + 8 [0]
  7,0    0       43     0.000078732  2508  D  RS 808 + 8 [dd]
  7,0    0       44     0.000080386  2475  C  RS 808 + 8 [0]
  7,0    0       45     0.000082342  2508  D  RS 816 + 8 [dd]
  7,0    0       46     0.000083780  2475  C  RS 816 + 8 [0]
  7,0    0       47     0.000085228  2508  D  RS 824 + 8 [dd]
  7,0    0       48     0.000086699  2475  C  RS 824 + 8 [0]
  7,0    0       49     0.000088127  2508  D  RS 832 + 8 [dd]
  7,0    0       50     0.000089627  2475  C  RS 832 + 8 [0]
  7,0    0       51     0.000091102  2508  D  RS 840 + 8 [dd]
  7,0    0       52     0.000092522  2475  C  RS 840 + 8 [0]
  7,0    0       53     0.000093987  2508  D  RS 848 + 8 [dd]
  7,0    0       54     0.000095550  2475  C  RS 848 + 8 [0]
  7,0    0       55     0.000096964  2508  D  RS 856 + 8 [dd]
  7,0    0       56     0.000098723  2475  C  RS 856 + 8 [0]
  7,0    0       57     0.000100117  2508  D  RS 864 + 8 [dd]
  7,0    0       58     0.000101529  2475  C  RS 864 + 8 [0]
  7,0    0       59     0.000103132  2508  D  RS 872 + 8 [dd]
  7,0    0       60     0.000104851  2475  C  RS 872 + 8 [0]
  7,0    0       61     0.000106228  2508  D  RS 880 + 8 [dd]
  7,0    0       62     0.000107557  2475  C  RS 880 + 8 [0]
  7,0    0       63     0.000109001  2508  D  RS 888 + 8 [dd]
  7,0    0       64     0.000110356  2475  C  RS 888 + 8 [0]
  7,0    0       65     0.000111823  2508  D  RS 896 + 8 [dd]
  7,0    0       66     0.000113289  2475  C  RS 896 + 8 [0]
  7,0    0       67     0.000114848  2508  D  RS 904 + 8 [dd]
  7,0    0       68     0.000116209  2475  C  RS 904 + 8 [0]
  7,0    0       69     0.000117174  2508  D RSM 648 + 8 [dd]
  7,0    0       70     0.000118598  2475  C RSM 648 + 8 [0]
  7,0    0       71     0.008040987   183  D RSM 520 + 8 [kworker/0:1H]
  7,0    0       72     0.008045691  2475  C RSM 520 + 8 [0]
  7,0    0       73     0.008051268   183  D RSM 528 + 8 [kworker/0:1H]
  7,0    0       74     0.008052879  2475  C RSM 528 + 8 [0]
  7,0    0       75     0.008224014     6  D   W 270336 + 255 [kworker/u2:0]
  7,0    0       76     0.008224566     6  D   W 270591 + 255 [kworker/u2:0]
  7,0    0       77     0.008224785     6  D   W 270846 + 255 [kworker/u2:0]
  7,0    0       78     0.008224981     6  D   W 271101 + 255 [kworker/u2:0]
  7,0    0       79     0.008225113     6  D   W 271356 + 255 [kworker/u2:0]
  7,0    0       80     0.008225513     6  D   W 271611 + 255 [kworker/u2:0]
  7,0    0       81     0.008225643     6  D   W 271866 + 255 [kworker/u2:0]
  7,0    0       82     0.008225776     6  D   W 272121 + 255 [kworker/u2:0]
  7,0    0       83     0.008225909     6  D   W 272376 + 8 [kworker/u2:0]
  7,0    0       84     0.008226044     6  D   W 272384 + 255 [kworker/u2:0]
  7,0    0       85     0.008226241     6  D   W 272639 + 255 [kworker/u2:0]
  7,0    0       86     0.008226376     6  D   W 272894 + 255 [kworker/u2:0]
  7,0    0       87     0.008226508     6  D   W 273149 + 255 [kworker/u2:0]
  7,0    0       88     0.008226640     6  D   W 273404 + 255 [kworker/u2:0]
  7,0    0       89     0.008226772     6  D   W 273659 + 255 [kworker/u2:0]
  7,0    0       90     0.008226906     6  D   W 273914 + 255 [kworker/u2:0]
  7,0    0       91     0.008267126  2475  C   W 270336 + 255 [0]
  7,0    0       92     0.008299049  2475  C   W 270591 + 255 [0]
  7,0    0       93     0.008330895  2475  C   W 270846 + 255 [0]
  7,0    0       94     0.008363181  2475  C   W 271101 + 255 [0]
  7,0    0       95     0.008394823  2475  C   W 271356 + 255 [0]
  7,0    0       96     0.008426471  2475  C   W 271611 + 255 [0]
  7,0    0       97     0.008458951  2475  C   W 271866 + 255 [0]
  7,0    0       98     0.008489799  2475  C   W 272121 + 255 [0]
  7,0    0       99     0.008491268  2475  C   W 272376 + 8 [0]
  7,0    0      100     0.008572657  2475  C   W 272384 + 255 [0]
  7,0    0      101     0.008604862  2475  C   W 272639 + 255 [0]
  7,0    0      102     0.008637477  2475  C   W 272894 + 255 [0]
  7,0    0      103     0.008669637  2475  C   W 273149 + 255 [0]
  7,0    0      104     0.008714105  2475  C   W 273404 + 255 [0]
  7,0    0      105     0.008746814  2475  C   W 273659 + 255 [0]
  7,0    0      106     0.008779554  2475  C   W 273914 + 255 [0]
  7,0    0      107     0.008923736     6  D   W 274169 + 255 [kworker/u2:0]
  7,0    0      108     0.008924550     6  D   W 274424 + 8 [kworker/u2:0]
  7,0    0      109     0.008924709     6  D   W 274432 + 255 [kworker/u2:0]
  7,0    0      110     0.008924906     6  D   W 274687 + 255 [kworker/u2:0]
  7,0    0      111     0.008925102     6  D   W 274942 + 255 [kworker/u2:0]
  7,0    0      112     0.008925235     6  D   W 275197 + 255 [kworker/u2:0]
  7,0    0      113     0.008925367     6  D   W 275452 + 255 [kworker/u2:0]
  7,0    0      114     0.008925499     6  D   W 275707 + 255 [kworker/u2:0]
  7,0    0      115     0.008925631     6  D   W 275962 + 255 [kworker/u2:0]
  7,0    0      116     0.008925764     6  D   W 276217 + 255 [kworker/u2:0]
  7,0    0      117     0.008925895     6  D   W 276472 + 8 [kworker/u2:0]
  7,0    0      118     0.008926181     6  D   W 276480 + 255 [kworker/u2:0]
  7,0    0      119     0.008926313     6  D   W 276735 + 255 [kworker/u2:0]
  7,0    0      120     0.008926444     6  D   W 276990 + 255 [kworker/u2:0]
  7,0    0      121     0.008926576     6  D   W 277245 + 255 [kworker/u2:0]
  7,0    0      122     0.008926707     6  D   W 277500 + 255 [kworker/u2:0]
  7,0    0      123     0.008959432  2475  C   W 274169 + 255 [0]
  7,0    0      124     0.008960832  2475  C   W 274424 + 8 [0]
  7,0    0      125     0.009038771  2475  C   W 274432 + 255 [0]
  7,0    0      126     0.009070258  2475  C   W 274687 + 255 [0]
  7,0    0      127     0.009099592  2475  C   W 274942 + 255 [0]
  7,0    0      128     0.009127443  2475  C   W 275197 + 255 [0]
  7,0    0      129     0.009156580  2475  C   W 275452 + 255 [0]
  7,0    0      130     0.009185360  2475  C   W 275707 + 255 [0]
  7,0    0      131     0.009227516  2475  C   W 275962 + 255 [0]
  7,0    0      132     0.009255289  2475  C   W 276217 + 255 [0]
  7,0    0      133     0.009256514  2475  C   W 276472 + 8 [0]
  7,0    0      134     0.009331351  2475  C   W 276480 + 255 [0]
  7,0    0      135     0.009360681  2475  C   W 276735 + 255 [0]
  7,0    0      136     0.009388865  2475  C   W 276990 + 255 [0]
  7,0    0      137     0.009418288  2475  C   W 277245 + 255 [0]
  7,0    0      138     0.009449221  2475  C   W 277500 + 255 [0]
  7,0    0      139     0.009480698     6  D   W 277755 + 255 [kworker/u2:0]
  7,0    0      140     0.009481519     6  D   W 278010 + 255 [kworker/u2:0]
  7,0    0      141     0.009481721     6  D   W 278265 + 255 [kworker/u2:0]
  7,0    0      142     0.009481855     6  D   W 278520 + 8 [kworker/u2:0]
  7,0    0      143     0.009482040     6  D   W 278528 + 255 [kworker/u2:0]
  7,0    0      144     0.009482171     6  D   W 278783 + 1 [kworker/u2:0]
  7,0    0      145     0.009511937  2475  C   W 277755 + 255 [0]
  7,0    0      146     0.009539882  2475  C   W 278010 + 255 [0]
  7,0    0      147     0.009568322  2475  C   W 278265 + 255 [0]
  7,0    0      148     0.009569498  2475  C   W 278520 + 8 [0]
  7,0    0      149     0.009644152  2475  C   W 278528 + 255 [0]
  7,0    0      150     0.009644812  2475  C   W 278783 + 1 [0]
  7,0    0      151     0.010600968     6  D   W 278784 + 255 [kworker/u2:0]
  7,0    0      152     0.010601742     6  D   W 279039 + 255 [kworker/u2:0]
  7,0    0      153     0.010601879     6  D   W 279294 + 255 [kworker/u2:0]
  7,0    0      154     0.010602013     6  D   W 279549 + 255 [kworker/u2:0]
  7,0    0      155     0.010602146     6  D   W 279804 + 255 [kworker/u2:0]
  7,0    0      156     0.010602280     6  D   W 280059 + 255 [kworker/u2:0]
  7,0    0      157     0.010602413     6  D   W 280314 + 255 [kworker/u2:0]
  7,0    0      158     0.010602603     6  D   W 280569 + 255 [kworker/u2:0]
  7,0    0      159     0.010602794     6  D   W 280824 + 8 [kworker/u2:0]
  7,0    0      160     0.010602926     6  D   W 280832 + 255 [kworker/u2:0]
  7,0    0      161     0.010603059     6  D   W 281087 + 255 [kworker/u2:0]
  7,0    0      162     0.010603191     6  D   W 281342 + 255 [kworker/u2:0]
  7,0    0      163     0.010603324     6  D   W 281597 + 255 [kworker/u2:0]
  7,0    0      164     0.010603458     6  D   W 281852 + 255 [kworker/u2:0]
  7,0    0      165     0.010603589     6  D   W 282107 + 255 [kworker/u2:0]
  7,0    0      166     0.010603794     6  D   W 282362 + 255 [kworker/u2:0]
  7,0    0      167     0.010632833  2475  C   W 278784 + 255 [0]
  7,0    0      168     0.010660280  2475  C   W 279039 + 255 [0]
  7,0    0      169     0.010687744  2475  C   W 279294 + 255 [0]
  7,0    0      170     0.010724473  2475  C   W 279549 + 255 [0]
  7,0    0      171     0.010752530  2475  C   W 279804 + 255 [0]
  7,0    0      172     0.010780217  2475  C   W 280059 + 255 [0]
  7,0    0      173     0.010808318  2475  C   W 280314 + 255 [0]
  7,0    0      174     0.010835564  2475  C   W 280569 + 255 [0]
  7,0    0      175     0.010836905  2475  C   W 280824 + 8 [0]
  7,0    0      176     0.010908467  2475  C   W 280832 + 255 [0]
  7,0    0      177     0.010936912  2475  C   W 281087 + 255 [0]
  7,0    0      178     0.010964851  2475  C   W 281342 + 255 [0]
  7,0    0      179     0.010992375  2475  C   W 281597 + 255 [0]
  7,0    0      180     0.011019996  2475  C   W 281852 + 255 [0]
  7,0    0      181     0.011048508  2475  C   W 282107 + 255 [0]
  7,0    0      182     0.011075844  2475  C   W 282362 + 255 [0]
  7,0    0      183     0.011080720     6  D   W 282617 + 255 [kworker/u2:0]
  7,0    0      184     0.011081421     6  D   W 282872 + 8 [kworker/u2:0]
  7,0    0      185     0.011109031  2475  C   W 282617 + 255 [0]
  7,0    0      186     0.011110373  2475  C   W 282872 + 8 [0]
  7,0    0      187     0.026444346  2484  D   W 282880 + 255 [kworker/u2:3]
  7,0    0      188     0.026446046  2484  D   W 283135 + 255 [kworker/u2:3]
  7,0    0      189     0.026446230  2484  D   W 283390 + 255 [kworker/u2:3]
  7,0    0      190     0.026446367  2484  D   W 283645 + 255 [kworker/u2:3]
  7,0    0      191     0.026446500  2484  D   W 283900 + 255 [kworker/u2:3]
  7,0    0      192     0.026446633  2484  D   W 284155 + 255 [kworker/u2:3]
  7,0    0      193     0.026446828  2484  D   W 284410 + 255 [kworker/u2:3]
  7,0    0      194     0.026447018  2484  D   W 284665 + 255 [kworker/u2:3]
  7,0    0      195     0.026447150  2484  D   W 284920 + 8 [kworker/u2:3]
  7,0    0      196     0.026447283  2484  D   W 284928 + 255 [kworker/u2:3]
  7,0    0      197     0.026447416  2484  D   W 285183 + 255 [kworker/u2:3]
  7,0    0      198     0.026447548  2484  D   W 285438 + 255 [kworker/u2:3]
  7,0    0      199     0.026447680  2484  D   W 285693 + 255 [kworker/u2:3]
  7,0    0      200     0.026447811  2484  D   W 285948 + 255 [kworker/u2:3]
  7,0    0      201     0.026447943  2484  D   W 286203 + 255 [kworker/u2:3]
  7,0    0      202     0.026448075  2484  D   W 286458 + 255 [kworker/u2:3]
  7,0    0      203     0.026484117  2475  C   W 282880 + 255 [0]
  7,0    0      204     0.026515247  2475  C   W 283135 + 255 [0]
  7,0    0      205     0.026547436  2475  C   W 283390 + 255 [0]
  7,0    0      206     0.026580311  2475  C   W 283645 + 255 [0]
  7,0    0      207     0.026611423  2475  C   W 283900 + 255 [0]
  7,0    0      208     0.026644004  2475  C   W 284155 + 255 [0]
  7,0    0      209     0.026676553  2475  C   W 284410 + 255 [0]
  7,0    0      210     0.026708853  2475  C   W 284665 + 255 [0]
  7,0    0      211     0.026710442  2475  C   W 284920 + 8 [0]
  7,0    0      212     0.026800317  2475  C   W 284928 + 255 [0]
  7,0    0      213     0.026891380  2475  C   W 285183 + 255 [0]
  7,0    0      214     0.026937965  2475  C   W 285438 + 255 [0]
  7,0    0      215     0.026970792  2475  C   W 285693 + 255 [0]
  7,0    0      216     0.027002765  2475  C   W 285948 + 255 [0]
  7,0    0      217     0.027035290  2475  C   W 286203 + 255 [0]
  7,0    0      218     0.027067034  2475  C   W 286458 + 255 [0]
  7,0    0      219     0.027074029  2484  D   W 286713 + 7 [kworker/u2:3]
  7,0    0      220     0.027076960  2475  C   W 286713 + 7 [0]
  7,0    0      221     0.181192934  2488  D  WS 1048576 + 8 [jbd2/loop0-8]
  7,0    0      222     0.181199888  2475  C  WS 1048576 + 8 [0]
  7,0    0      223     0.181215120  2488  D  WS 1048584 + 8 [jbd2/loop0-8]
  7,0    0      224     0.181215636  2488  D  WS 1048592 + 8 [jbd2/loop0-8]
  7,0    0      225     0.181215855  2488  D  WS 1048600 + 8 [jbd2/loop0-8]
  7,0    0      226     0.181215994  2488  D  WS 1048608 + 8 [jbd2/loop0-8]
  7,0    0      227     0.181216125  2488  D  WS 1048616 + 8 [jbd2/loop0-8]
  7,0    0      228     0.181216257  2488  D  WS 1048624 + 8 [jbd2/loop0-8]
  7,0    0      229     0.181216390  2488  D  WS 1048632 + 8 [jbd2/loop0-8]
  7,0    0      230     0.181217846  2475  C  WS 1048584 + 8 [0]
  7,0    0      231     0.181219213  2475  C  WS 1048592 + 8 [0]
  7,0    0      232     0.181220742  2475  C  WS 1048600 + 8 [0]
  7,0    0      233     0.181221998  2475  C  WS 1048608 + 8 [0]
  7,0    0      234     0.181223127  2475  C  WS 1048616 + 8 [0]
  7,0    0      235     0.181224332  2475  C  WS 1048624 + 8 [0]
  7,0    0      236     0.181225582  2475  C  WS 1048632 + 8 [0]
  7,0    0      237     0.181277222   183  D  WS 1048640 + 8 [kworker/0:1H]
  7,0    0      238     0.181278860  2475  C  WS 1048640 + 8 [0]
  7,0    0      239     0.181280634  2475  C  WS 1048640 [0]
  7,0    0      240     0.198576117  2475  C  WS 0 [0]
  7,0    0      241     0.199065657  2509  D  WS 0 + 8 [sync]
  7,0    0      242     0.199066413  2509  D WSM 8 + 8 [sync]
  7,0    0      243     0.199066570  2509  D WSM 528 + 8 [sync]
  7,0    0      244     0.199066702  2509  D WSM 584 + 8 [sync]
  7,0    0      245     0.199066834  2509  D WSM 648 + 8 [sync]
  7,0    0      246     0.199066965  2509  D WSM 33416 + 8 [sync]
  7,0    0      247     0.199072973  2475  C  WS 0 + 8 [0]
  7,0    0      248     0.199075240  2475  C WSM 8 + 8 [0]
  7,0    0      249     0.199076805  2475  C WSM 528 + 8 [0]
  7,0    0      250     0.199078284  2475  C WSM 584 + 8 [0]
  7,0    0      251     0.199079745  2475  C WSM 648 + 8 [0]
  7,0    0      252     0.199081653  2475  C WSM 33416 + 8 [0]
  7,0    0      253     0.219274405  2475  C  WS 0 [0]
  7,0    0      254     0.231541623  2513  D  RS 592 + 8 [dumpe2fs]
  7,0    0      255     0.231548759  2475  C  RS 592 + 8 [0]
  7,0    0      256     0.231554803  2513  D  RS 536 + 24 [dumpe2fs]
  7,0    0      257     0.231558508  2475  C  RS 536 + 24 [0]
  7,0    0      258     0.231564861  2513  D  RS 600 + 24 [dumpe2fs]
  7,0    0      259     0.231568214  2475  C  RS 600 + 24 [0]
  7,0    0      260     0.231578235  2513  D  RS 560 + 24 [dumpe2fs]
  7,0    0      261     0.231581539  2475  C  RS 560 + 24 [0]
  7,0    0      262     0.231587523  2513  D  RS 624 + 24 [dumpe2fs]
  7,0    0      263     0.231590443  2475  C  RS 624 + 24 [0]
  7,0    0      264     1.279716635  2475  C  WS 0 [0]
CPU0 (7,0):
 Reads Queued:           0,        0KiB	 Writes Queued:           0,        0KiB
 Read Dispatches:       42,      200KiB	 Write Dispatches:       88,     8252KiB
 Reads Requeued:         0		 Writes Requeued:         0
 Reads Completed:       42,      200KiB	 Writes Completed:       92,     8252KiB
 Read Merges:            0,        0KiB	 Write Merges:            0,        0KiB
 Read depth:             1        	 Write depth:            16
 IO unplugs:             0        	 Timer unplugs:           0

Throughput (R/W): 156KiB/s / 6452KiB/s
Events (7,0): 264 entries
Skips: 0 forward (0 -   0.0%)
