pre_depth;post_depth;offset;action;timestamp;operation;pid;size
0;1;17108992;D;0.000000000;OP_READ;2508;4096
1;0;17108992;C;0.000006704;OP_READ;2475;4096
0;1;299008;D;0.000012853;OP_READ;2508;4096
1;0;299008;C;0.000014797;OP_READ;2475;4096
0;1;335872;D;0.000021856;OP_READ;2508;4096
1;0;335872;C;0.000023448;OP_READ;2475;4096
0;1;339968;D;0.000024859;OP_READ;2508;4096
1;0;339968;C;0.000026170;OP_READ;2475;4096
0;1;344064;D;0.000027604;OP_READ;2508;4096
1;0;344064;C;0.000028980;OP_READ;2475;4096
0;1;348160;D;0.000030475;OP_READ;2508;4096
1;0;348160;C;0.000032086;OP_READ;2475;4096
0;1;352256;D;0.000033543;OP_READ;2508;4096
1;0;352256;C;0.000034925;OP_READ;2475;4096
0;1;356352;D;0.000036400;OP_READ;2508;4096
1;0;356352;C;0.000037811;OP_READ;2475;4096
0;1;360448;D;0.000040051;OP_READ;2508;4096
1;0;360448;C;0.000041481;OP_READ;2475;4096
0;1;364544;D;0.000042957;OP_READ;2508;4096
1;0;364544;C;0.000044324;OP_READ;2475;4096
0;1;368640;D;0.000045837;OP_READ;2508;4096
1;0;368640;C;0.000047311;OP_READ;2475;4096
0;1;372736;D;0.000048762;OP_READ;2508;4096
1;0;372736;C;0.000050364;OP_READ;2475;4096
0;1;376832;D;0.000051813;OP_READ;2508;4096
1;0;376832;C;0.000053143;OP_READ;2475;4096
0;1;380928;D;0.000054600;OP_READ;2508;4096
1;0;380928;C;0.000055999;OP_READ;2475;4096
0;1;385024;D;0.000057362;OP_READ;2508;4096
1;0;385024;C;0.000058744;OP_READ;2475;4096
0;1;389120;D;0.000060211;OP_READ;2508;4096
1;0;389120;C;0.000061649;OP_READ;2475;4096
0;1;393216;D;0.000063085;OP_READ;2508;4096
1;0;393216;C;0.000064645;OP_READ;2475;4096
0;1;397312;D;0.000066044;OP_READ;2508;4096
1;0;397312;C;0.000067359;OP_READ;2475;4096
0;1;401408;D;0.000068779;OP_READ;2508;4096
1;0;401408;C;0.000070156;OP_READ;2475;4096
0;1;405504;D;0.000071640;OP_READ;2508;4096
1;0;405504;C;0.000072962;OP_READ;2475;4096
0;1;409600;D;0.000075820;OP_READ;2508;4096
1;0;409600;C;0.000077306;OP_READ;2475;4096
0;1;413696;D;0.000078732;OP_READ;2508;4096
1;0;413696;C;0.000080386;OP_READ;2475;4096
0;1;417792;D;0.000082342;OP_READ;2508;4096
1;0;417792;C;0.000083780;OP_READ;2475;4096
0;1;421888;D;0.000085228;OP_READ;2508;4096
1;0;421888;C;0.000086699;OP_READ;2475;4096
0;1;425984;D;0.000088127;OP_READ;2508;4096
1;0;425984;C;0.000089627;OP_READ;2475;4096
0;1;430080;D;0.000091102;OP_READ;2508;4096
1;0;430080;C;0.000092522;OP_READ;2475;4096
0;1;434176;D;0.000093987;OP_READ;2508;4096
1;0;434176;C;0.000095550;OP_READ;2475;4096
0;1;438272;D;0.000096964;OP_READ;2508;4096
1;0;438272;C;0.000098723;OP_READ;2475;4096
0;1;442368;D;0.000100117;OP_READ;2508;4096
1;0;442368;C;0.000101529;OP_READ;2475;4096
0;1;446464;D;0.000103132;OP_READ;2508;4096
1;0;446464;C;0.000104851;OP_READ;2475;4096
0;1;450560;D;0.000106228;OP_READ;2508;4096
1;0;450560;C;0.000107557;OP_READ;2475;4096
0;1;454656;D;0.000109001;OP_READ;2508;4096
1;0;454656;C;0.000110356;OP_READ;2475;4096
0;1;458752;D;0.000111823;OP_READ;2508;4096
1;0;458752;C;0.000113289;OP_READ;2475;4096
0;1;462848;D;0.000114848;OP_READ;2508;4096
1;0;462848;C;0.000116209;OP_READ;2475;4096
0;1;331776;D;0.000117174;OP_READ;2508;4096
1;0;331776;C;0.000118598;OP_READ;2475;4096
0;1;266240;D;0.008040987;OP_READ;183;4096
1;0;266240;C;0.008045691;OP_READ;2475;4096
0;1;270336;D;0.008051268;OP_READ;183;4096
1;0;270336;C;0.008052879;OP_READ;2475;4096
0;1;138412032;D;0.008224014;OP_WRITE;6;130560
1;2;138542592;D;0.008224566;OP_WRITE;6;130560
2;3;138673152;D;0.008224785;OP_WRITE;6;130560
3;4;138803712;D;0.008224981;OP_WRITE;6;130560
4;5;138934272;D;0.008225113;OP_WRITE;6;130560
5;6;139064832;D;0.008225513;OP_WRITE;6;130560
6;7;139195392;D;0.008225643;OP_WRITE;6;130560
7;8;139325952;D;0.008225776;OP_WRITE;6;130560
8;9;139456512;D;0.008225909;OP_WRITE;6;4096
9;10;139460608;D;0.008226044;OP_WRITE;6;130560
10;11;139591168;D;0.008226241;OP_WRITE;6;130560
11;12;139721728;D;0.008226376;OP_WRITE;6;130560
12;13;139852288;D;0.008226508;OP_WRITE;6;130560
13;14;139982848;D;0.008226640;OP_WRITE;6;130560
14;15;140113408;D;0.008226772;OP_WRITE;6;130560
15;16;140243968;D;0.008226906;OP_WRITE;6;130560
16;15;138412032;C;0.008267126;OP_WRITE;2475;130560
15;14;138542592;C;0.008299049;OP_WRITE;2475;130560
14;13;138673152;C;0.008330895;OP_WRITE;2475;130560
13;12;138803712;C;0.008363181;OP_WRITE;2475;130560
12;11;138934272;C;0.008394823;OP_WRITE;2475;130560
11;10;139064832;C;0.008426471;OP_WRITE;2475;130560
10;9;139195392;C;0.008458951;OP_WRITE;2475;130560
9;8;139325952;C;0.008489799;OP_WRITE;2475;130560
8;7;139456512;C;0.008491268;OP_WRITE;2475;4096
7;6;139460608;C;0.008572657;OP_WRITE;2475;130560
6;5;139591168;C;0.008604862;OP_WRITE;2475;130560
5;4;139721728;C;0.008637477;OP_WRITE;2475;130560
4;3;139852288;C;0.008669637;OP_WRITE;2475;130560
3;2;139982848;C;0.008714105;OP_WRITE;2475;130560
2;1;140113408;C;0.008746814;OP_WRITE;2475;130560
1;0;140243968;C;0.008779554;OP_WRITE;2475;130560
0;1;140374528;D;0.008923736;OP_WRITE;6;130560
1;2;140505088;D;0.008924550;OP_WRITE;6;4096
2;3;140509184;D;0.008924709;OP_WRITE;6;130560
3;4;140639744;D;0.008924906;OP_WRITE;6;130560
4;5;140770304;D;0.008925102;OP_WRITE;6;130560
5;6;140900864;D;0.008925235;OP_WRITE;6;130560
6;7;141031424;D;0.008925367;OP_WRITE;6;130560
7;8;141161984;D;0.008925499;OP_WRITE;6;130560
8;9;141292544;D;0.008925631;OP_WRITE;6;130560
9;10;141423104;D;0.008925764;OP_WRITE;6;130560
10;11;141553664;D;0.008925895;OP_WRITE;6;4096
11;12;141557760;D;0.008926181;OP_WRITE;6;130560
12;13;141688320;D;0.008926313;OP_WRITE;6;130560
13;14;141818880;D;0.008926444;OP_WRITE;6;130560
14;15;141949440;D;0.008926576;OP_WRITE;6;130560
15;16;142080000;D;0.008926707;OP_WRITE;6;130560
16;15;140374528;C;0.008959432;OP_WRITE;2475;130560
15;14;140505088;C;0.008960832;OP_WRITE;2475;4096
14;13;140509184;C;0.009038771;OP_WRITE;2475;130560
13;12;140639744;C;0.009070258;OP_WRITE;2475;130560
12;11;140770304;C;0.009099592;OP_WRITE;2475;130560
11;10;140900864;C;0.009127443;OP_WRITE;2475;130560
10;9;141031424;C;0.009156580;OP_WRITE;2475;130560
9;8;141161984;C;0.009185360;OP_WRITE;2475;130560
8;7;141292544;C;0.009227516;OP_WRITE;2475;130560
7;6;141423104;C;0.009255289;OP_WRITE;2475;130560
6;5;141553664;C;0.009256514;OP_WRITE;2475;4096
5;4;141557760;C;0.009331351;OP_WRITE;2475;130560
4;3;141688320;C;0.009360681;OP_WRITE;2475;130560
3;2;141818880;C;0.009388865;OP_WRITE;2475;130560
2;1;141949440;C;0.009418288;OP_WRITE;2475;130560
1;0;142080000;C;0.009449221;OP_WRITE;2475;130560
0;1;142210560;D;0.009480698;OP_WRITE;6;130560
1;2;142341120;D;0.009481519;OP_WRITE;6;130560
2;3;142471680;D;0.009481721;OP_WRITE;6;130560
3;4;142602240;D;0.009481855;OP_WRITE;6;4096
4;5;142606336;D;0.009482040;OP_WRITE;6;130560
5;6;142736896;D;0.009482171;OP_WRITE;6;512
6;5;142210560;C;0.009511937;OP_WRITE;2475;130560
5;4;142341120;C;0.009539882;OP_WRITE;2475;130560
4;3;142471680;C;0.009568322;OP_WRITE;2475;130560
3;2;142602240;C;0.009569498;OP_WRITE;2475;4096
2;1;142606336;C;0.009644152;OP_WRITE;2475;130560
1;0;142736896;C;0.009644812;OP_WRITE;2475;512
0;1;142737408;D;0.010600968;OP_WRITE;6;130560
1;2;142867968;D;0.010601742;OP_WRITE;6;130560
2;3;142998528;D;0.010601879;OP_WRITE;6;130560
3;4;143129088;D;0.010602013;OP_WRITE;6;130560
4;5;143259648;D;0.010602146;OP_WRITE;6;130560
5;6;143390208;D;0.010602280;OP_WRITE;6;130560
6;7;143520768;D;0.010602413;OP_WRITE;6;130560
7;8;143651328;D;0.010602603;OP_WRITE;6;130560
8;9;143781888;D;0.010602794;OP_WRITE;6;4096
9;10;143785984;D;0.010602926;OP_WRITE;6;130560
10;11;143916544;D;0.010603059;OP_WRITE;6;130560
11;12;144047104;D;0.010603191;OP_WRITE;6;130560
12;13;144177664;D;0.010603324;OP_WRITE;6;130560
13;14;144308224;D;0.010603458;OP_WRITE;6;130560
14;15;144438784;D;0.010603589;OP_WRITE;6;130560
15;16;144569344;D;0.010603794;OP_WRITE;6;130560
16;15;142737408;C;0.010632833;OP_WRITE;2475;130560
15;14;142867968;C;0.010660280;OP_WRITE;2475;130560
14;13;142998528;C;0.010687744;OP_WRITE;2475;130560
13;12;143129088;C;0.010724473;OP_WRITE;2475;130560
12;11;143259648;C;0.010752530;OP_WRITE;2475;130560
11;10;143390208;C;0.010780217;OP_WRITE;2475;130560
10;9;143520768;C;0.010808318;OP_WRITE;2475;130560
9;8;143651328;C;0.010835564;OP_WRITE;2475;130560
8;7;143781888;C;0.010836905;OP_WRITE;2475;4096
7;6;143785984;C;0.010908467;OP_WRITE;2475;130560
6;5;143916544;C;0.010936912;OP_WRITE;2475;130560
5;4;144047104;C;0.010964851;OP_WRITE;2475;130560
4;3;144177664;C;0.010992375;OP_WRITE;2475;130560
3;2;144308224;C;0.011019996;OP_WRITE;2475;130560
2;1;144438784;C;0.011048508;OP_WRITE;2475;130560
1;0;144569344;C;0.011075844;OP_WRITE;2475;130560
0;1;144699904;D;0.011080720;OP_WRITE;6;130560
1;2;144830464;D;0.011081421;OP_WRITE;6;4096
2;1;144699904;C;0.011109031;OP_WRITE;2475;130560
1;0;144830464;C;0.011110373;OP_WRITE;2475;4096
0;1;144834560;D;0.026444346;OP_WRITE;2484;130560
1;2;144965120;D;0.026446046;OP_WRITE;2484;130560
2;3;145095680;D;0.026446230;OP_WRITE;2484;130560
3;4;145226240;D;0.026446367;OP_WRITE;2484;130560
4;5;145356800;D;0.026446500;OP_WRITE;2484;130560
5;6;145487360;D;0.026446633;OP_WRITE;2484;130560
6;7;145617920;D;0.026446828;OP_WRITE;2484;130560
7;8;145748480;D;0.026447018;OP_WRITE;2484;130560
8;9;145879040;D;0.026447150;OP_WRITE;2484;4096
9;10;145883136;D;0.026447283;OP_WRITE;2484;130560
10;11;146013696;D;0.026447416;OP_WRITE;2484;130560
11;12;146144256;D;0.026447548;OP_WRITE;2484;130560
12;13;146274816;D;0.026447680;OP_WRITE;2484;130560
13;14;146405376;D;0.026447811;OP_WRITE;2484;130560
14;15;146535936;D;0.026447943;OP_WRITE;2484;130560
15;16;146666496;D;0.026448075;OP_WRITE;2484;130560
16;15;144834560;C;0.026484117;OP_WRITE;2475;130560
15;14;144965120;C;0.026515247;OP_WRITE;2475;130560
14;13;145095680;C;0.026547436;OP_WRITE;2475;130560
13;12;145226240;C;0.026580311;OP_WRITE;2475;130560
12;11;145356800;C;0.026611423;OP_WRITE;2475;130560
11;10;145487360;C;0.026644004;OP_WRITE;2475;130560
10;9;145617920;C;0.026676553;OP_WRITE;2475;130560
9;8;145748480;C;0.026708853;OP_WRITE;2475;130560
8;7;145879040;C;0.026710442;OP_WRITE;2475;4096
7;6;145883136;C;0.026800317;OP_WRITE;2475;130560
6;5;146013696;C;0.026891380;OP_WRITE;2475;130560
5;4;146144256;C;0.026937965;OP_WRITE;2475;130560
4;3;146274816;C;0.026970792;OP_WRITE;2475;130560
3;2;146405376;C;0.027002765;OP_WRITE;2475;130560
2;1;146535936;C;0.027035290;OP_WRITE;2475;130560
1;0;146666496;C;0.027067034;OP_WRITE;2475;130560
0;1;146797056;D;0.027074029;OP_WRITE;2484;3584
1;0;146797056;C;0.027076960;OP_WRITE;2475;3584
0;1;536870912;D;0.181192934;OP_WRITE;2488;4096
1;0;536870912;C;0.181199888;OP_WRITE;2475;4096
0;1;536875008;D;0.181215120;OP_WRITE;2488;4096
1;2;536879104;D;0.181215636;OP_WRITE;2488;4096
2;3;536883200;D;0.181215855;OP_WRITE;2488;4096
3;4;536887296;D;0.181215994;OP_WRITE;2488;4096
4;5;536891392;D;0.181216125;OP_WRITE;2488;4096
5;6;536895488;D;0.181216257;OP_WRITE;2488;4096
6;7;536899584;D;0.181216390;OP_WRITE;2488;4096
7;6;536875008;C;0.181217846;OP_WRITE;2475;4096
6;5;536879104;C;0.181219213;OP_WRITE;2475;4096
5;4;536883200;C;0.181220742;OP_WRITE;2475;4096
4;3;536887296;C;0.181221998;OP_WRITE;2475;4096
3;2;536891392;C;0.181223127;OP_WRITE;2475;4096
2;1;536895488;C;0.181224332;OP_WRITE;2475;4096
1;0;536899584;C;0.181225582;OP_WRITE;2475;4096
0;1;536903680;D;0.181277222;OP_WRITE;183;4096
1;0;536903680;C;0.181278860;OP_WRITE;2475;4096
0;1;0;D;0.199065657;OP_WRITE;2509;4096
1;2;4096;D;0.199066413;OP_WRITE;2509;4096
2;3;270336;D;0.199066570;OP_WRITE;2509;4096
3;4;299008;D;0.199066702;OP_WRITE;2509;4096
4;5;331776;D;0.199066834;OP_WRITE;2509;4096
5;6;17108992;D;0.199066965;OP_WRITE;2509;4096
6;5;0;C;0.199072973;OP_WRITE;2475;4096
5;4;4096;C;0.199075240;OP_WRITE;2475;4096
4;3;270336;C;0.199076805;OP_WRITE;2475;4096
3;2;299008;C;0.199078284;OP_WRITE;2475;4096
2;1;331776;C;0.199079745;OP_WRITE;2475;4096
1;0;17108992;C;0.199081653;OP_WRITE;2475;4096
0;1;303104;D;0.231541623;OP_READ;2513;4096
1;0;303104;C;0.231548759;OP_READ;2475;4096
0;1;274432;D;0.231554803;OP_READ;2513;12288
1;0;274432;C;0.231558508;OP_READ;2475;12288
0;1;307200;D;0.231564861;OP_READ;2513;12288
1;0;307200;C;0.231568214;OP_READ;2475;12288
0;1;286720;D;0.231578235;OP_READ;2513;12288
1;0;286720;C;0.231581539;OP_READ;2475;12288
0;1;319488;D;0.231587523;OP_READ;2513;12288
1;0;319488;C;0.231590443;OP_READ;2475;12288
